0,0.018,0,9,6.0
0.5,0.018,0,7,6.0
1.0,0.018,0,7,5.4
1.5,0.019,0,9,5.4
2.0,0.019,0,12,5.4
2.5,0.018,0,12,7.800000000000001
3.0,0.016,1,14,10.3
3.5,0.018,1,24,12.100000000000001
4.0,0.019,1,28,12.700000000000001
4.5,0.018,1,32,12.100000000000001
5.0,0.018,1,40,11.5
5.5,0.019,1,43,10.9
6.0,0.019,1,48,9.1
6.5,0.016,2,49,6.6000000000000005
7.0,0.018,2,52,4.800000000000001
7.5,0.016,2,53,4.2
8.0,0.016,2,54,3.6
8.5,0.016,2,56,3.6
9.0,0.018,2,57,3.0
9.5,0.016,3,58,2.4000000000000004
10.0,0.016,3,58,1.8
10.5,0.016,3,59,1.8
11.0,0.016,3,59,1.2000000000000002
11.5,0.016,3,59,1.2000000000000002
12.0,0.016,4,60,1.2000000000000002
12.5,0.018,4,60,3.0
13.0,0.016,4,61,4.800000000000001
13.5,0.019,4,64,6.0
14.0,0.018,4,67,6.6000000000000005
14.5,0.018,5,70,7.300000000000001
15.0,0.018,5,73,6.0
15.5,0.018,5,75,3.6
16.0,0.019,5,76,1.8
16.5,0.018,5,78,1.2000000000000002
17.0,0.016,6,79,0.6000000000000001
17.5,0.019,6,80,0.6000000000000001
18.0,0.016,6,81,0.0
18.5,0.016,6,82,0.6000000000000001
19.0,0.018,7,82,0.0
19.5,0.016,7,81,0.0
20.0,0.018,7,82,0.0
20.5,0.016,7,81,0.0
21.0,0.016,8,81,0.0
21.5,0.016,8,81,0.0
22.0,0.016,8,81,0.0
22.5,0.016,8,81,0.0
23.0,0.018,9,81,0.0
23.5,0.018,9,81,0.0
24.0,0.016,9,80,0.0
24.5,0.016,9,81,0.0
25.0,0.019,10,81,0.0
25.5,0.018,10,81,0.0
26.0,0.016,10,81,0.0
26.5,0.016,10,80,0.0
27.0,0.016,11,80,0.0
27.5,0.018,11,82,0.0
28.0,0.016,11,83,0.0
28.5,0.021,11,85,0.0
29.0,0.019,12,88,0.0
29.5,0.016,12,90,0.0
30.0,0.018,12,92,0.0
30.5,0.019,13,95,0.0
31.0,0.018,13,98,0.0
31.5,0.016,13,99,0.0
32.0,0.018,13,100,0.0
32.5,0.016,14,101,0.0
33.0,0.018,14,102,0.0
33.5,0.019,14,103,0.0
34.0,0.019,15,105,3.0
34.5,0.016,15,106,6.0
35.0,0.019,15,109,9.1
35.5,0.018,16,114,9.700000000000001
36.0,0.016,16,116,9.700000000000001
36.5,0.021,16,119,9.1
37.0,0.016,17,121,7.9
37.5,0.019,17,123,7.300000000000001
38.0,0.018,18,124,6.0
38.5,0.016,18,125,6.0
39.0,0.018,18,127,5.4
39.5,0.015,19,127,5.4
40.0,0.018,19,128,5.4
40.5,0.018,19,128,4.800000000000001
41.0,0.018,20,128,3.6
41.5,0.015,20,128,3.0
42.0,0.015,21,128,2.4000000000000004
42.5,0.015,21,128,3.0
43.0,0.018,21,128,2.4000000000000004
43.5,0.016,22,128,2.4000000000000004
44.0,0.018,22,128,2.4000000000000004
44.5,0.019,22,128,2.4000000000000004
45.0,0.016,23,128,2.4000000000000004
45.5,0.016,23,128,1.8
46.0,0.016,24,128,1.8
46.5,0.015,24,128,2.4000000000000004
47.0,0.018,24,127,2.4000000000000004
47.5,0.015,25,127,1.2000000000000002
48.0,0.016,25,127,1.2000000000000002
48.5,0.016,26,128,0.6000000000000001
49.0,0.015,26,127,0.6000000000000001
49.5,0.016,26,126,0.6000000000000001
50.0,0.013,27,126,0.6000000000000001
50.5,0.016,27,125,0.6000000000000001
51.0,0.018,27,124,0.6000000000000001
51.5,0.016,28,123,0.0
52.0,0.019,28,124,0.0
52.5,0.016,29,123,0.0
53.0,0.015,29,123,0.0
53.5,0.015,29,123,0.0
54.0,0.015,30,122,0.0
54.5,0.016,30,122,0.0
55.0,0.016,30,121,0.0
55.5,0.016,31,121,0.0
56.0,0.015,31,122,0.0
56.5,0.018,31,121,0.0
57.0,0.018,32,122,0.0
57.5,0.016,32,122,0.0
58.0,0.018,33,122,0.0
58.5,0.015,33,121,0.0
59.0,0.015,33,121,0.0
59.5,0.015,34,121,0.0
60.0,0.016,34,120,0.0
60.5,0.016,34,119,0.6000000000000001
61.0,0.015,35,119,1.8
61.5,0.016,35,120,1.8
62.0,0.019,35,119,1.8
62.5,0.015,36,119,1.8
63.0,0.016,36,118,1.2000000000000002
63.5,0.015,37,117,1.2000000000000002
64.0,0.015,37,116,1.2000000000000002
64.5,0.018,37,116,1.8
65.0,0.016,38,116,1.8
65.5,0.016,38,116,2.4000000000000004
66.0,0.016,38,116,2.4000000000000004
66.5,0.013,39,116,2.4000000000000004
67.0,0.016,39,116,1.8
67.5,0.018,39,115,1.8
68.0,0.016,40,115,1.2000000000000002
68.5,0.015,40,115,1.2000000000000002
69.0,0.015,40,114,1.8
69.5,0.016,41,114,1.8
70.0,0.015,41,114,1.8
70.5,0.016,41,114,1.8
71.0,0.013,42,114,1.8
71.5,0.015,42,113,1.2000000000000002
72.0,0.013,42,113,1.2000000000000002
72.5,0.015,43,114,1.2000000000000002
73.0,0.023,43,113,1.2000000000000002
73.5,0.015,44,113,1.2000000000000002
74.0,0.016,44,113,1.8
74.5,0.013,44,112,1.2000000000000002
75.0,0.016,44,112,1.2000000000000002
75.5,0.016,45,112,0.6000000000000001
76.0,0.018,45,112,0.0
76.5,0.013,45,112,0.0
77.0,0.016,46,111,0.0
77.5,0.016,46,110,0.0
78.0,0.015,46,110,0.0
78.5,0.018,47,109,0.0
79.0,0.015,47,108,0.0
79.5,0.016,47,108,0.0
80.0,0.013,48,108,0.0
80.5,0.016,48,108,0.0
81.0,0.015,49,108,0.0
81.5,0.016,49,108,0.0
82.0,0.015,49,108,0.0
82.5,0.015,49,107,0.0
83.0,0.015,50,107,0.0
83.5,0.015,50,107,0.0
84.0,0.016,50,107,0.0
84.5,0.015,51,108,0.0
85.0,0.018,51,108,0.0
85.5,0.015,51,108,0.0
86.0,0.016,52,109,0.0
86.5,0.016,52,109,0.0
87.0,0.016,52,108,0.0
87.5,0.015,53,108,0.0
88.0,0.015,53,107,0.0
88.5,0.015,53,107,0.0
89.0,0.016,54,107,0.0
89.5,0.016,54,106,0.6000000000000001
90.0,0.016,54,106,1.8
90.5,0.016,55,107,2.4000000000000004
91.0,0.016,55,107,2.4000000000000004
91.5,0.018,55,106,1.8
92.0,0.016,56,106,1.8
92.5,0.016,56,105,1.2000000000000002
93.0,0.016,56,105,1.2000000000000002
93.5,0.018,57,104,1.8
94.0,0.016,57,104,2.4000000000000004
94.5,0.018,57,105,2.4000000000000004
95.0,0.016,58,105,2.4000000000000004
95.5,0.016,58,105,2.4000000000000004
96.0,0.015,58,105,3.0
96.5,0.016,58,105,2.4000000000000004
97.0,0.018,59,105,2.4000000000000004
97.5,0.016,59,105,1.8
98.0,0.015,59,104,1.8
98.5,0.016,60,104,1.8
99.0,0.016,60,104,2.4000000000000004
99.5,0.016,60,103,2.4000000000000004
100.0,0.016,61,104,2.4000000000000004
100.5,0.015,61,104,2.4000000000000004
101.0,0.016,61,103,2.4000000000000004
101.5,0.016,62,104,1.8
102.0,0.015,62,104,1.8
102.5,0.016,62,104,1.8
103.0,0.015,63,104,1.8
103.5,0.015,63,105,1.8
104.0,0.018,63,104,1.8
104.5,0.016,63,104,1.8
105.0,0.016,64,104,1.2000000000000002
105.5,0.016,64,103,0.6000000000000001
106.0,0.015,64,104,0.6000000000000001
106.5,0.016,65,104,0.6000000000000001
107.0,0.018,65,104,0.6000000000000001
107.5,0.016,65,104,0.0
108.0,0.016,66,103,0.0
108.5,0.016,66,102,0.0
109.0,0.013,66,102,0.0
109.5,0.018,67,101,0.0
110.0,0.016,67,101,0.0
110.5,0.016,67,101,0.0
111.0,0.018,67,101,0.0
111.5,0.016,68,101,0.0
112.0,0.015,68,101,0.0
112.5,0.015,68,101,0.0
113.0,0.016,69,102,0.0
113.5,0.016,72,103,0.0
114.0,0.013,73,103,0.0
114.5,0.015,73,103,0.0
115.0,0.015,73,102,0.0
115.5,0.015,74,102,1.2000000000000002
116.0,0.015,74,102,1.8
116.5,0.016,74,103,2.4000000000000004
117.0,0.015,74,103,1.8
117.5,0.015,75,102,1.8
118.0,0.015,75,102,1.8
118.5,0.016,75,101,1.8
119.0,0.015,76,101,1.8
119.5,0.015,76,101,1.8
120.0,0.015,76,101,1.8
120.5,0.016,77,101,2.4000000000000004
121.0,0.015,77,101,2.4000000000000004
121.5,0.015,77,101,2.4000000000000004
122.0,0.015,78,102,3.0
122.5,0.015,78,102,2.4000000000000004
123.0,0.015,78,102,2.4000000000000004
123.5,0.016,78,102,2.4000000000000004
124.0,0.013,79,101,1.8
124.5,0.018,79,101,1.8
125.0,0.013,79,101,1.8
125.5,0.015,80,101,2.4000000000000004
126.0,0.015,80,101,1.8
126.5,0.016,80,100,1.8
127.0,0.015,81,101,2.4000000000000004
127.5,0.018,81,101,1.8
128.0,0.015,81,100,1.8
128.5,0.015,82,102,1.2000000000000002
129.0,0.015,82,101,1.2000000000000002
129.5,0.018,82,101,1.2000000000000002
130.0,0.013,82,101,1.2000000000000002
130.5,0.016,83,101,1.8
131.0,0.015,83,101,1.8
131.5,0.016,83,101,1.2000000000000002
132.0,0.015,84,101,0.6000000000000001
132.5,0.016,84,101,0.6000000000000001
133.0,0.013,84,102,0.6000000000000001
133.5,0.016,85,102,0.0
134.0,0.016,85,101,0.0
134.5,0.015,85,100,0.0
135.0,0.015,86,100,0.0
135.5,0.018,86,100,0.0
136.0,0.013,86,99,0.0
136.5,0.018,86,99,0.0
137.0,0.015,87,99,0.0
137.5,0.016,87,99,0.0
138.0,0.015,87,99,0.0
138.5,0.016,88,99,0.0
139.0,0.016,88,99,0.0
139.5,0.018,88,99,0.0
140.0,0.018,88,99,0.0
140.5,0.016,89,99,0.0
141.0,0.015,89,99,0.0
141.5,0.016,89,99,0.0
142.0,0.013,90,100,0.0
142.5,0.019,90,100,0.0
143.0,0.016,90,101,0.0
143.5,0.016,91,102,0.0
144.0,0.013,91,101,0.0
144.5,0.016,91,102,0.0
145.0,0.015,92,102,0.0
145.5,0.018,92,101,0.0
146.0,0.015,92,101,0.0
146.5,0.015,92,101,0.0
147.0,0.015,93,101,0.0
147.5,0.016,93,100,0.6000000000000001
148.0,0.015,93,100,1.8
148.5,0.016,94,100,2.4000000000000004
149.0,0.015,94,101,2.4000000000000004
149.5,0.015,94,101,2.4000000000000004
150.0,0.015,95,101,1.8
150.5,0.018,95,100,1.8
151.0,0.013,95,100,1.8
151.5,0.016,95,99,1.8
152.0,0.015,96,99,1.8
152.5,0.015,96,99,1.8
153.0,0.013,96,100,2.4000000000000004
153.5,0.016,97,100,2.4000000000000004
154.0,0.013,97,100,2.4000000000000004
154.5,0.019,97,100,3.0
155.0,0.015,98,100,2.4000000000000004
155.5,0.016,98,100,2.4000000000000004
156.0,0.015,98,100,1.8
156.5,0.015,98,100,1.8
157.0,0.015,99,100,1.8
157.5,0.019,99,100,2.4000000000000004
158.0,0.015,99,100,2.4000000000000004
158.5,0.015,100,100,1.8
159.0,0.015,100,99,2.4000000000000004
159.5,0.015,100,100,2.4000000000000004
160.0,0.015,101,100,2.4000000000000004
160.5,0.016,101,100,1.8
161.0,0.015,101,100,1.8
161.5,0.013,102,100,1.8
162.0,0.013,102,100,1.8
162.5,0.015,102,101,1.8
163.0,0.013,102,101,1.8
163.5,0.018,103,100,2.4000000000000004
164.0,0.015,103,100,1.2000000000000002
164.5,0.013,103,100,0.6000000000000001
165.0,0.013,104,101,0.6000000000000001
165.5,0.015,104,101,0.6000000000000001
166.0,0.015,104,101,0.0
166.5,0.015,105,101,0.0
167.0,0.015,105,100,0.0
167.5,0.013,105,100,0.0
168.0,0.013,105,99,0.0
168.5,0.013,106,99,0.0
169.0,0.013,106,98,0.0
169.5,0.013,106,99,0.0
170.0,0.015,107,99,0.0
170.5,0.013,107,99,0.0
171.0,0.015,107,98,0.0
171.5,0.015,107,99,0.0
172.0,0.013,108,99,0.0
172.5,0.013,108,99,0.0
173.0,0.015,108,99,0.0
173.5,0.011,109,99,0.0
174.0,0.015,109,99,0.0
174.5,0.011,109,100,0.0
175.0,0.013,110,100,0.0
175.5,0.013,110,100,0.0
176.0,0.015,110,101,0.0
176.5,0.013,111,101,0.0
177.0,0.015,111,101,0.0
177.5,0.015,111,102,0.0
178.0,0.015,111,101,0.0
178.5,0.011,112,101,0.0
179.0,0.013,112,101,0.0
179.5,0.013,112,100,0.0
180.0,0.013,113,100,0.6000000000000001
180.5,0.013,113,99,1.8
181.0,0.015,113,100,2.4000000000000004
181.5,0.013,114,100,2.4000000000000004
182.0,0.015,114,100,2.4000000000000004
182.5,0.013,114,100,1.8
183.0,0.013,114,100,1.8
183.5,0.015,115,99,1.8
184.0,0.011,115,99,1.8
184.5,0.015,116,99,1.8
185.0,0.013,116,99,2.4000000000000004
185.5,0.016,116,100,2.4000000000000004
186.0,0.013,117,100,2.4000000000000004
186.5,0.013,117,100,3.0
187.0,0.011,117,100,2.4000000000000004
187.5,0.015,117,100,2.4000000000000004
188.0,0.015,118,100,1.8
188.5,0.015,118,100,1.8
189.0,0.016,118,100,1.8
189.5,0.013,119,100,1.8
190.0,0.013,119,100,2.4000000000000004
190.5,0.015,119,100,2.4000000000000004
191.0,0.013,120,100,2.4000000000000004
191.5,0.015,120,100,2.4000000000000004
192.0,0.013,120,100,2.4000000000000004
192.5,0.013,121,100,1.8
193.0,0.011,121,100,1.8
193.5,0.016,121,100,1.8
194.0,0.015,121,101,1.2000000000000002
194.5,0.015,122,101,1.8
195.0,0.015,122,100,1.8
195.5,0.013,122,101,1.8
196.0,0.011,123,100,1.2000000000000002
196.5,0.015,123,100,0.6000000000000001
197.0,0.013,123,101,0.6000000000000001
197.5,0.013,123,101,0.0
198.0,0.016,124,101,0.0
198.5,0.015,124,101,0.0
199.0,0.013,124,100,0.0
199.5,0.013,125,99,0.0
200.0,0.013,125,99,0.0
200.5,0.015,125,98,0.0
201.0,0.013,126,98,0.0
201.5,0.015,126,98,0.0
202.0,0.013,126,98,0.0
202.5,0.016,126,98,0.0
203.0,0.013,127,98,0.0
203.5,0.016,127,99,0.0
204.0,0.013,127,99,0.0
204.5,0.015,128,99,0.0
205.0,0.015,128,98,0.0
205.5,0.015,128,99,0.0
206.0,0.013,129,99,0.0
206.5,0.018,129,99,0.0
207.0,0.016,129,100,0.0
207.5,0.013,129,100,0.0
208.0,0.013,130,100,0.0
208.5,0.015,130,101,0.0
209.0,0.015,130,101,0.0
209.5,0.015,131,101,0.0
210.0,0.015,131,101,0.0
210.5,0.016,131,101,0.0
211.0,0.013,132,100,0.0
211.5,0.015,132,100,0.0
212.0,0.013,132,100,0.0
212.5,0.013,132,99,1.8
213.0,0.015,133,100,2.4000000000000004
213.5,0.013,133,100,2.4000000000000004
214.0,0.013,133,100,2.4000000000000004
214.5,0.013,134,100,1.8
215.0,0.013,134,100,1.8
215.5,0.016,134,99,1.8
216.0,0.013,135,99,1.8
216.5,0.011,135,99,1.8
217.0,0.013,135,99,1.8
217.5,0.013,136,99,2.4000000000000004
218.0,0.015,136,100,1.8
218.5,0.015,136,99,2.4000000000000004
219.0,0.013,136,100,3.0
219.5,0.015,137,100,2.4000000000000004
220.0,0.015,137,100,2.4000000000000004
220.5,0.013,137,100,1.8
221.0,0.015,138,100,1.8
221.5,0.015,138,100,1.8
222.0,0.013,138,100,1.8
222.5,0.011,138,100,2.4000000000000004
223.0,0.013,139,99,1.8
223.5,0.013,139,99,1.8
224.0,0.015,139,99,2.4000000000000004
224.5,0.015,140,99,1.8
225.0,0.015,140,100,1.8
225.5,0.011,140,100,1.8
226.0,0.013,141,99,1.2000000000000002
226.5,0.013,141,100,1.2000000000000002
227.0,0.015,141,100,1.8
227.5,0.011,141,100,1.8
228.0,0.015,142,100,1.8
228.5,0.015,142,100,1.2000000000000002
229.0,0.015,142,99,0.6000000000000001
229.5,0.013,143,100,0.6000000000000001
230.0,0.015,143,100,0.0
230.5,0.013,143,100,0.0
231.0,0.015,144,100,0.0
231.5,0.013,146,98,0.0
232.0,0.016,146,98,0.0
232.5,0.015,146,98,0.0
233.0,0.015,147,98,0.0
233.5,0.013,147,99,0.0
234.0,0.016,147,98,0.0
234.5,0.011,147,99,0.0
235.0,0.015,148,98,0.0
235.5,0.013,148,99,0.0
236.0,0.015,148,99,0.0
236.5,0.013,149,100,0.0
237.0,0.013,149,100,0.0
237.5,0.013,149,101,0.0
238.0,0.015,150,101,0.0
238.5,0.015,150,101,0.0
239.0,0.015,150,102,0.0
239.5,0.013,151,101,0.0
240.0,0.015,151,101,0.0
240.5,0.013,151,101,0.0
241.0,0.013,151,101,0.0
241.5,0.016,152,100,0.0
242.0,0.013,152,100,1.2000000000000002
242.5,0.015,152,100,1.8
243.0,0.015,153,101,2.4000000000000004
243.5,0.015,153,101,1.8
244.0,0.013,153,100,1.8
244.5,0.015,154,100,1.8
245.0,0.013,154,100,1.2000000000000002
245.5,0.015,154,100,1.2000000000000002
246.0,0.013,154,99,1.2000000000000002
246.5,0.015,155,99,1.8
247.0,0.016,155,99,1.8
247.5,0.015,155,100,1.8
248.0,0.011,156,100,2.4000000000000004
248.5,0.013,156,100,2.4000000000000004
249.0,0.011,156,100,2.4000000000000004
249.5,0.015,157,100,2.4000000000000004
250.0,0.015,157,100,1.8
250.5,0.015,157,100,1.8
251.0,0.013,157,99,1.8
251.5,0.013,158,99,1.8
252.0,0.013,158,99,2.4000000000000004
252.5,0.013,158,100,2.4000000000000004
253.0,0.013,159,99,2.4000000000000004
253.5,0.013,159,100,2.4000000000000004
254.0,0.013,159,100,2.4000000000000004
254.5,0.013,160,100,1.8
255.0,0.013,160,100,1.8
255.5,0.015,160,100,1.2000000000000002
256.0,0.013,160,100,1.8
256.5,0.015,161,100,1.2000000000000002
257.0,0.013,161,100,1.2000000000000002
257.5,0.015,161,100,1.8
258.0,0.013,162,100,1.8
258.5,0.013,162,100,0.6000000000000001
259.0,0.013,162,100,0.6000000000000001
259.5,0.013,163,100,0.0
260.0,0.013,163,101,0.0
260.5,0.013,163,100,0.0
261.0,0.013,163,100,0.0
261.5,0.011,164,99,0.0
262.0,0.013,164,99,0.0
262.5,0.015,164,98,0.0
263.0,0.013,165,98,0.0
263.5,0.013,165,98,0.0
264.0,0.013,165,98,0.0
264.5,0.015,165,98,0.0
265.0,0.015,166,98,0.0
265.5,0.015,166,98,0.0
266.0,0.013,166,99,0.0
266.5,0.013,167,98,0.0
267.0,0.013,167,98,0.0
267.5,0.013,167,99,0.0
268.0,0.013,168,98,0.0
268.5,0.016,168,99,0.0
269.0,0.013,168,100,0.0
269.5,0.015,169,99,0.0
270.0,0.015,169,100,0.0
270.5,0.015,169,101,0.0
271.0,0.015,169,101,0.0
271.5,0.015,170,101,0.0
272.0,0.013,170,101,0.0
272.5,0.015,170,100,0.0
273.0,0.015,171,100,0.0
273.5,0.015,171,100,0.0
274.0,0.013,171,100,0.0
274.5,0.015,172,100,0.6000000000000001
275.0,0.013,172,100,1.8
275.5,0.015,172,100,2.4000000000000004
276.0,0.018,172,101,2.4000000000000004
276.5,0.015,173,100,1.8
277.0,0.015,173,100,1.8
277.5,0.013,173,100,1.8
278.0,0.013,174,99,1.2000000000000002
278.5,0.016,174,99,1.2000000000000002
279.0,0.016,174,99,1.8
279.5,0.013,175,99,1.8
280.0,0.011,175,100,2.4000000000000004
280.5,0.013,175,100,2.4000000000000004
281.0,0.015,175,100,2.4000000000000004
281.5,0.019,176,100,2.4000000000000004
282.0,0.016,176,100,2.4000000000000004
282.5,0.013,176,100,1.8
283.0,0.013,177,100,1.8
283.5,0.013,177,100,1.8
284.0,0.013,177,100,1.8
284.5,0.016,178,100,1.8
285.0,0.015,178,100,2.4000000000000004
285.5,0.015,178,100,1.8
286.0,0.013,178,100,1.8
286.5,0.015,179,100,2.4000000000000004
287.0,0.015,179,100,1.8
287.5,0.016,179,100,1.8
288.0,0.015,180,100,1.2000000000000002
288.5,0.013,180,101,1.2000000000000002
289.0,0.013,180,100,1.2000000000000002
289.5,0.015,181,100,1.2000000000000002
290.0,0.015,181,101,1.8
290.5,0.016,181,100,1.8
291.0,0.016,181,100,0.6000000000000001
291.5,0.015,182,100,0.6000000000000001
292.0,0.015,182,101,0.0
292.5,0.015,182,101,0.0
293.0,0.013,183,101,0.0
293.5,0.015,183,100,0.0
294.0,0.015,183,100,0.0
294.5,0.016,184,99,0.0
295.0,0.013,184,99,0.0
295.5,0.015,184,98,0.0
296.0,0.013,185,98,0.0
296.5,0.013,185,98,0.0
297.0,0.016,185,98,0.0
297.5,0.013,185,98,0.0
298.0,0.013,186,98,0.0
298.5,0.015,186,99,0.0
299.0,0.015,186,99,0.0
299.5,0.013,187,98,0.0
300.0,0.016,187,99,0.0
300.5,0.013,187,99,0.0
301.0,0.015,187,98,0.0
301.5,0.015,188,99,0.0
302.0,0.015,188,99,0.0
302.5,0.013,188,100,0.0
303.0,0.013,189,100,0.0
303.5,0.013,189,101,0.0
304.0,0.013,189,101,0.0
304.5,0.013,190,100,0.0
305.0,0.015,190,100,0.0
305.5,0.013,190,100,0.0
306.0,0.013,190,100,0.0
306.5,0.013,191,99,0.0
307.0,0.015,191,99,0.6000000000000001
307.5,0.016,191,99,1.8
308.0,0.016,192,99,2.4000000000000004
308.5,0.013,192,100,2.4000000000000004
309.0,0.016,192,100,2.4000000000000004
309.5,0.016,193,100,2.4000000000000004
310.0,0.015,193,99,1.8
310.5,0.015,193,99,1.8
311.0,0.013,193,99,1.8
311.5,0.013,194,99,1.8
312.0,0.015,194,99,2.4000000000000004
312.5,0.015,194,99,2.4000000000000004
313.0,0.015,195,99,2.4000000000000004
313.5,0.015,195,99,3.0
314.0,0.013,195,100,3.0
314.5,0.013,196,100,3.0
315.0,0.016,196,100,2.4000000000000004
315.5,0.013,196,100,2.4000000000000004
316.0,0.013,196,99,1.8
316.5,0.016,197,99,2.4000000000000004
317.0,0.013,197,100,2.4000000000000004
317.5,0.015,197,100,2.4000000000000004
318.0,0.016,198,100,2.4000000000000004
318.5,0.013,198,100,2.4000000000000004
319.0,0.015,198,100,2.4000000000000004
319.5,0.015,199,99,2.4000000000000004
320.0,0.015,199,100,1.8
320.5,0.015,199,101,1.8
321.0,0.015,199,100,1.2000000000000002
321.5,0.016,200,100,1.2000000000000002
322.0,0.016,200,101,1.8
322.5,0.015,200,100,1.8
323.0,0.013,201,100,2.4000000000000004
323.5,0.015,201,100,1.2000000000000002
324.0,0.016,201,100,0.6000000000000001
324.5,0.016,202,100,0.6000000000000001
325.0,0.018,202,101,0.6000000000000001
325.5,0.015,202,101,0.0
326.0,0.013,203,100,0.0
326.5,0.013,203,100,0.0
327.0,0.016,203,99,0.0
327.5,0.013,203,99,0.0
328.0,0.015,204,98,0.0
328.5,0.015,204,98,0.0
329.0,0.015,204,98,0.0
329.5,0.013,205,98,0.0
330.0,0.018,205,98,0.0
330.5,0.015,205,98,0.0
331.0,0.016,205,99,0.0
331.5,0.015,206,99,0.0
332.0,0.013,206,98,0.0
332.5,0.013,206,98,0.0
333.0,0.016,207,98,0.0
333.5,0.016,207,99,0.0
334.0,0.015,207,99,0.0
334.5,0.015,208,99,0.0
335.0,0.013,208,99,0.0
335.5,0.015,208,100,0.0
336.0,0.016,209,101,0.0
336.5,0.016,209,101,0.0
337.0,0.015,209,101,0.0
337.5,0.016,209,100,0.0
338.0,0.013,210,100,0.0
338.5,0.013,210,100,0.0
339.0,0.013,210,100,0.0
339.5,0.016,211,100,0.0
340.0,0.015,211,99,1.2000000000000002
340.5,0.015,211,100,1.8
341.0,0.011,211,100,2.4000000000000004
341.5,0.015,212,100,2.4000000000000004
342.0,0.013,212,100,1.8
342.5,0.015,212,100,1.8
343.0,0.015,213,99,1.8
343.5,0.016,213,99,1.8
344.0,0.013,213,99,1.8
344.5,0.015,214,99,1.8
345.0,0.013,214,99,2.4000000000000004
345.5,0.015,214,100,2.4000000000000004
346.0,0.015,214,100,2.4000000000000004
346.5,0.016,215,100,3.0
347.0,0.011,215,100,2.4000000000000004
347.5,0.015,215,100,2.4000000000000004
348.0,0.013,216,100,1.8
348.5,0.015,216,100,1.8
349.0,0.015,216,100,1.8
349.5,0.016,217,100,1.8
350.0,0.011,217,100,2.4000000000000004
350.5,0.015,218,100,1.8
351.0,0.016,218,100,1.8
351.5,0.013,219,100,1.2000000000000002
352.0,0.015,219,101,1.2000000000000002
352.5,0.015,219,100,1.2000000000000002
353.0,0.015,220,100,1.2000000000000002
353.5,0.013,220,100,1.2000000000000002
354.0,0.016,220,100,1.8
354.5,0.013,221,100,1.2000000000000002
355.0,0.015,221,100,0.6000000000000001
355.5,0.013,221,100,0.0
356.0,0.013,221,101,0.0
356.5,0.015,222,101,0.0
357.0,0.016,222,100,0.0
357.5,0.013,222,100,0.0
358.0,0.015,223,99,0.0
358.5,0.015,223,99,0.0
359.0,0.015,223,98,0.0
359.5,0.013,224,98,0.0
360.0,0.018,224,98,0.0
360.5,0.013,224,98,0.0
361.0,0.013,224,98,0.0
361.5,0.013,225,98,0.0
362.0,0.015,225,98,0.0
362.5,0.013,225,98,0.0
363.0,0.016,226,98,0.0
363.5,0.013,226,98,0.0
364.0,0.013,226,98,0.0
364.5,0.013,227,98,0.0
365.0,0.013,227,99,0.0
365.5,0.013,227,99,0.0
366.0,0.016,227,99,0.0
366.5,0.015,228,101,0.0
367.0,0.011,228,101,0.0
367.5,0.013,228,101,0.0
368.0,0.015,229,101,0.0
368.5,0.013,229,101,0.0
369.0,0.015,229,100,0.0
369.5,0.013,229,100,0.0
370.0,0.011,230,100,0.0
370.5,0.013,230,100,0.0
371.0,0.013,230,99,1.2000000000000002
371.5,0.013,231,100,1.8
372.0,0.015,231,100,2.4000000000000004
372.5,0.013,231,100,2.4000000000000004
373.0,0.013,232,100,1.8
373.5,0.013,232,100,1.8
374.0,0.013,232,99,1.2000000000000002
374.5,0.013,233,99,1.2000000000000002
375.0,0.015,233,99,1.8
375.5,0.015,233,99,1.8
376.0,0.013,233,99,1.8
376.5,0.015,234,99,2.4000000000000004
377.0,0.013,234,100,2.4000000000000004
377.5,0.013,234,100,2.4000000000000004
378.0,0.013,235,100,2.4000000000000004
378.5,0.013,235,100,2.4000000000000004
379.0,0.011,235,100,2.4000000000000004
379.5,0.013,236,100,1.8
380.0,0.011,236,100,1.8
380.5,0.013,236,100,1.8
381.0,0.013,236,99,2.4000000000000004
381.5,0.013,237,100,2.4000000000000004
382.0,0.011,237,100,1.8
382.5,0.015,237,99,2.4000000000000004
383.0,0.011,238,100,1.8
383.5,0.015,238,100,1.8
384.0,0.013,238,100,1.8
384.5,0.015,238,100,1.2000000000000002
385.0,0.013,239,100,1.2000000000000002
385.5,0.015,239,100,1.2000000000000002
386.0,0.011,239,100,1.8
386.5,0.015,240,100,1.8
387.0,0.011,240,100,1.8
387.5,0.011,240,100,1.2000000000000002
388.0,0.015,241,100,0.6000000000000001
388.5,0.015,241,101,0.6000000000000001
389.0,0.011,241,101,0.0
389.5,0.015,242,101,0.0
390.0,0.013,242,100,0.0
390.5,0.015,242,99,0.0
391.0,0.015,243,99,0.0
391.5,0.015,243,98,0.0
392.0,0.013,243,98,0.0
392.5,0.015,243,98,0.0
393.0,0.013,244,98,0.0
393.5,0.013,244,98,0.0
394.0,0.013,244,98,0.0
394.5,0.015,245,98,0.0
395.0,0.013,245,98,0.0
395.5,0.015,245,98,0.0
396.0,0.013,245,98,0.0
396.5,0.015,246,98,0.0
397.0,0.015,246,98,0.0
397.5,0.015,246,99,0.0
398.0,0.013,247,99,0.0
398.5,0.013,247,99,0.0
399.0,0.013,247,100,0.0
399.5,0.015,248,100,0.0
400.0,0.013,248,101,0.0
400.5,0.016,248,101,0.0
401.0,0.013,248,101,0.0
401.5,0.015,249,100,0.0
402.0,0.011,249,100,0.0
402.5,0.015,249,100,0.0
403.0,0.013,250,100,0.0
403.5,0.016,250,99,0.6000000000000001
404.0,0.013,250,99,1.8
404.5,0.015,251,100,2.4000000000000004
405.0,0.013,251,100,2.4000000000000004
405.5,0.016,251,100,2.4000000000000004
406.0,0.013,251,100,1.8
406.5,0.015,252,99,1.8
407.0,0.013,252,99,1.8
407.5,0.015,252,99,1.8
408.0,0.015,253,99,1.8
408.5,0.013,253,99,1.8
409.0,0.013,253,99,2.4000000000000004
409.5,0.015,253,100,2.4000000000000004
410.0,0.013,254,100,2.4000000000000004
410.5,0.013,254,100,2.4000000000000004
411.0,0.015,254,100,2.4000000000000004
411.5,0.013,255,100,2.4000000000000004
412.0,0.013,255,100,1.8
412.5,0.015,255,100,1.8
413.0,0.013,256,100,1.8
413.5,0.013,256,100,2.4000000000000004
414.0,0.015,256,100,2.4000000000000004
414.5,0.013,257,100,1.8
415.0,0.013,257,100,1.8
415.5,0.013,257,100,1.8
416.0,0.013,257,100,1.8
416.5,0.013,258,101,1.8
417.0,0.015,258,100,1.2000000000000002
417.5,0.013,258,101,1.2000000000000002
418.0,0.013,259,101,1.2000000000000002
418.5,0.013,259,101,1.2000000000000002
419.0,0.015,259,101,1.8
419.5,0.013,260,101,2.4000000000000004
420.0,0.015,260,100,1.2000000000000002
420.5,0.011,260,101,0.6000000000000001
421.0,0.015,260,101,0.0
421.5,0.013,261,101,0.0
422.0,0.013,261,101,0.0
422.5,0.013,261,101,0.0
423.0,0.015,262,100,0.0
423.5,0.013,262,100,0.0
424.0,0.015,262,99,0.0
424.5,0.013,263,99,0.0
425.0,0.016,263,99,0.0
425.5,0.011,263,99,0.0
426.0,0.016,263,99,0.0
426.5,0.011,264,99,0.0
427.0,0.013,264,99,0.0
427.5,0.013,264,99,0.0
428.0,0.015,265,99,0.0
428.5,0.013,265,99,0.0
429.0,0.016,265,98,0.0
429.5,0.013,266,99,0.0
430.0,0.013,266,99,0.0
430.5,0.015,266,100,0.0
431.0,0.015,267,100,0.0
431.5,0.011,267,100,0.0
432.0,0.015,267,101,0.0
432.5,0.011,267,101,0.0
433.0,0.013,268,101,0.0
433.5,0.013,268,101,0.0
434.0,0.015,268,101,0.0
434.5,0.011,269,101,0.0
435.0,0.016,269,100,0.0
435.5,0.011,269,100,0.0
436.0,0.013,269,100,0.6000000000000001
436.5,0.015,270,100,1.8
437.0,0.013,270,100,1.8
437.5,0.013,270,101,2.4000000000000004
438.0,0.016,271,100,1.8
438.5,0.011,271,100,1.8
439.0,0.013,271,100,1.2000000000000002
439.5,0.011,272,99,1.2000000000000002
440.0,0.015,272,99,1.8
440.5,0.011,272,99,1.8
441.0,0.016,272,99,1.8
441.5,0.011,273,99,2.4000000000000004
442.0,0.013,273,100,2.4000000000000004
442.5,0.015,273,100,2.4000000000000004
443.0,0.013,274,100,2.4000000000000004
443.5,0.011,274,100,2.4000000000000004
444.0,0.015,274,100,1.8
444.5,0.011,275,100,1.8
445.0,0.011,275,100,1.8
445.5,0.013,275,100,1.8
446.0,0.011,276,100,1.8
446.5,0.011,276,100,2.4000000000000004
447.0,0.015,276,100,1.8
447.5,0.011,276,100,1.8
448.0,0.013,277,100,1.8
448.5,0.013,277,100,1.8
449.0,0.011,277,100,1.8
449.5,0.011,278,100,1.2000000000000002
450.0,0.016,278,100,1.2000000000000002
450.5,0.011,278,100,1.2000000000000002
451.0,0.011,279,101,1.2000000000000002
451.5,0.011,279,100,1.8
452.0,0.011,279,100,1.8
452.5,0.011,279,100,1.2000000000000002
453.0,0.016,280,100,0.6000000000000001
453.5,0.013,280,100,0.0
454.0,0.011,280,101,0.0
454.5,0.013,281,100,0.0
455.0,0.011,281,100,0.0
455.5,0.011,281,99,0.0
456.0,0.015,282,99,0.0
456.5,0.011,282,98,0.0
457.0,0.01,282,98,0.0
457.5,0.013,282,98,0.0
458.0,0.013,283,98,0.0
458.5,0.011,283,98,0.0
459.0,0.013,283,98,0.0
459.5,0.013,284,98,0.0
460.0,0.013,284,98,0.0
460.5,0.013,284,98,0.0
461.0,0.011,285,98,0.0
461.5,0.011,285,99,0.0
462.0,0.011,285,98,0.0
462.5,0.015,285,98,0.0
463.0,0.013,286,99,0.0
463.5,0.015,286,99,0.0
464.0,0.011,286,100,0.0
464.5,0.013,287,101,0.0
465.0,0.011,287,100,0.0
465.5,0.013,287,101,0.0
466.0,0.015,287,101,0.0
466.5,0.015,288,100,0.0
467.0,0.011,288,100,0.0
467.5,0.013,288,100,0.0
468.0,0.013,289,100,0.0
468.5,0.011,289,99,0.0
469.0,0.013,289,99,1.2000000000000002
469.5,0.013,290,100,1.8
470.0,0.013,290,100,2.4000000000000004
470.5,0.015,290,100,1.8
471.0,0.011,291,100,1.8
471.5,0.015,291,100,1.2000000000000002
472.0,0.013,291,99,1.2000000000000002
472.5,0.015,291,99,1.2000000000000002
473.0,0.013,292,99,1.8
473.5,0.013,292,99,1.8
474.0,0.011,292,99,2.4000000000000004
474.5,0.015,293,100,2.4000000000000004
475.0,0.013,293,100,2.4000000000000004
475.5,0.016,293,100,2.4000000000000004
476.0,0.013,294,100,2.4000000000000004
476.5,0.015,294,100,2.4000000000000004
477.0,0.011,294,100,1.8
477.5,0.015,294,100,1.8
478.0,0.013,295,100,1.8
478.5,0.015,295,100,1.8
479.0,0.013,295,100,2.4000000000000004
479.5,0.013,296,100,1.8
480.0,0.01,296,99,1.8
480.5,0.015,296,100,1.8
481.0,0.013,297,100,1.8
481.5,0.016,297,100,1.8
482.0,0.011,297,100,1.2000000000000002
482.5,0.013,297,100,1.2000000000000002
483.0,0.013,298,100,1.2000000000000002
483.5,0.013,298,100,1.2000000000000002
484.0,0.015,298,100,1.2000000000000002
484.5,0.016,299,100,1.8
485.0,0.013,299,100,1.2000000000000002
485.5,0.011,299,100,0.6000000000000001
486.0,0.013,300,100,0.6000000000000001
486.5,0.013,300,100,0.0
487.0,0.013,300,100,0.0
487.5,0.016,300,100,0.0
488.0,0.011,301,99,0.0
488.5,0.013,301,99,0.0
489.0,0.013,301,98,0.0
489.5,0.015,302,98,0.0
490.0,0.013,302,98,0.0
490.5,0.015,302,98,0.0
491.0,0.013,302,98,0.0
491.5,0.011,303,98,0.0
492.0,0.015,303,98,0.0
492.5,0.013,303,98,0.0
493.0,0.015,304,98,0.0
493.5,0.013,304,98,0.0
494.0,0.016,304,98,0.0
494.5,0.011,305,98,0.0
495.0,0.015,305,98,0.0
495.5,0.013,305,99,0.0
496.0,0.015,306,100,0.0
496.5,0.013,306,99,0.0
497.0,0.016,306,100,0.0
497.5,0.011,306,101,0.0
498.0,0.015,307,101,0.0
498.5,0.015,307,101,0.0
499.0,0.013,307,101,0.0
499.5,0.013,308,100,0.0
500.0,0.015,308,100,0.0
500.5,0.011,308,100,0.0
501.0,0.015,309,100,0.0
501.5,0.015,309,99,1.2000000000000002
502.0,0.013,309,100,1.8
502.5,0.013,309,100,2.4000000000000004
503.0,0.015,310,100,1.8
503.5,0.013,310,100,1.8
504.0,0.016,310,100,1.8
504.5,0.015,311,99,1.2000000000000002
505.0,0.015,311,99,1.2000000000000002
505.5,0.013,311,99,1.2000000000000002
506.0,0.015,311,99,1.8
506.5,0.013,312,99,1.8
507.0,0.015,312,100,1.8
507.5,0.013,312,100,2.4000000000000004
508.0,0.015,313,100,2.4000000000000004
508.5,0.015,313,100,2.4000000000000004
509.0,0.016,313,100,2.4000000000000004
509.5,0.013,314,100,1.8
510.0,0.016,314,100,1.8
510.5,0.013,314,100,1.8
511.0,0.013,315,100,1.8
511.5,0.013,315,100,1.8
512.0,0.016,315,100,2.4000000000000004
512.5,0.013,315,100,2.4000000000000004
513.0,0.016,316,100,1.8
513.5,0.013,316,100,1.8
514.0,0.013,316,100,1.8
514.5,0.013,317,100,1.8
515.0,0.016,317,100,1.2000000000000002
515.5,0.013,317,100,1.2000000000000002
516.0,0.015,318,100,1.2000000000000002
516.5,0.015,318,100,1.2000000000000002
517.0,0.013,318,100,1.8
517.5,0.013,318,100,1.8
518.0,0.015,319,100,0.6000000000000001
518.5,0.013,319,100,0.6000000000000001
519.0,0.015,319,100,0.6000000000000001
519.5,0.013,320,101,0.0
520.0,0.011,320,100,0.0
520.5,0.015,320,100,0.0
521.0,0.015,321,99,0.0
521.5,0.013,321,99,0.0
522.0,0.013,321,98,0.0
522.5,0.013,321,98,0.0
523.0,0.011,322,98,0.0
523.5,0.015,322,98,0.0
524.0,0.016,322,98,0.0
524.5,0.013,323,98,0.0
525.0,0.013,323,98,0.0
525.5,0.015,323,98,0.0
526.0,0.011,324,98,0.0
526.5,0.013,324,98,0.0
527.0,0.015,324,98,0.0
527.5,0.015,324,98,0.0
528.0,0.015,325,98,0.0
528.5,0.013,325,99,0.0
529.0,0.011,325,99,0.0
529.5,0.013,326,100,0.0
530.0,0.013,326,100,0.0
530.5,0.015,326,101,0.0
531.0,0.013,326,101,0.0
531.5,0.013,327,101,0.0
532.0,0.013,327,100,0.0
532.5,0.015,327,100,0.0
533.0,0.013,328,100,0.0
533.5,0.015,328,100,0.0
534.0,0.015,328,99,0.6000000000000001
534.5,0.015,329,99,1.8
535.0,0.013,329,100,2.4000000000000004
535.5,0.016,329,100,2.4000000000000004
536.0,0.016,330,100,1.8
536.5,0.015,330,100,1.8
537.0,0.015,330,99,1.8
537.5,0.016,330,99,1.2000000000000002
538.0,0.015,331,99,1.8
538.5,0.016,331,99,1.8
539.0,0.015,331,99,1.8
539.5,0.015,332,99,1.8
540.0,0.015,332,100,2.4000000000000004
540.5,0.016,332,100,2.4000000000000004
541.0,0.015,333,100,2.4000000000000004
541.5,0.016,333,100,2.4000000000000004
542.0,0.015,333,100,2.4000000000000004
542.5,0.015,333,100,1.8
543.0,0.015,334,100,1.8
543.5,0.015,334,100,1.8
544.0,0.013,334,100,1.8
544.5,0.016,335,99,2.4000000000000004
545.0,0.015,335,99,1.8
545.5,0.016,335,100,1.8
546.0,0.015,336,100,2.4000000000000004
546.5,0.016,336,99,1.8
547.0,0.015,336,100,1.8
547.5,0.016,336,100,1.8
548.0,0.015,337,99,1.2000000000000002
548.5,0.015,337,100,1.2000000000000002
549.0,0.015,337,100,1.2000000000000002
549.5,0.016,338,100,1.8
550.0,0.015,338,100,1.8
550.5,0.016,338,100,1.2000000000000002
551.0,0.015,339,100,0.6000000000000001
551.5,0.015,339,100,0.6000000000000001
552.0,0.015,339,101,0.0
552.5,0.016,339,100,0.0
553.0,0.015,340,100,0.0
553.5,0.016,340,99,0.0
554.0,0.016,340,99,0.0
554.5,0.015,341,99,0.0
555.0,0.013,341,98,0.0
555.5,0.018,341,98,0.0
556.0,0.015,341,98,0.0
556.5,0.013,342,98,0.0
557.0,0.015,342,98,0.0
557.5,0.016,342,98,0.0
558.0,0.016,343,98,0.0
558.5,0.018,343,98,0.0
559.0,0.015,343,98,0.0
559.5,0.015,344,98,0.0
560.0,0.015,344,98,0.0
560.5,0.015,344,98,0.0
561.0,0.015,345,99,0.0
561.5,0.016,345,99,0.0
562.0,0.015,345,99,0.0
562.5,0.016,345,100,0.0
563.0,0.016,346,100,0.0
563.5,0.015,346,101,0.0
564.0,0.015,346,101,0.0
564.5,0.016,347,100,0.0
565.0,0.016,347,100,0.0
565.5,0.015,347,100,0.0
566.0,0.016,347,100,0.0
566.5,0.015,348,99,0.0
567.0,0.016,348,99,1.2000000000000002
567.5,0.015,348,100,1.8
568.0,0.016,349,100,2.4000000000000004
568.5,0.013,349,100,1.8
569.0,0.015,349,100,1.8
569.5,0.016,350,99,1.8
570.0,0.015,350,99,1.2000000000000002
570.5,0.015,350,99,1.2000000000000002
571.0,0.015,350,99,1.8
571.5,0.016,351,99,1.8
572.0,0.016,351,99,2.4000000000000004
572.5,0.015,351,99,2.4000000000000004
573.0,0.016,352,99,2.4000000000000004
573.5,0.015,352,100,2.4000000000000004
574.0,0.016,352,100,2.4000000000000004
574.5,0.015,353,100,2.4000000000000004
575.0,0.021,353,100,2.4000000000000004
575.5,0.015,353,100,1.8
576.0,0.013,354,99,1.8
576.5,0.015,354,99,1.8
577.0,0.015,354,100,2.4000000000000004
577.5,0.015,354,100,2.4000000000000004
578.0,0.018,355,99,1.8
578.5,0.015,355,100,2.4000000000000004
579.0,0.015,355,100,2.4000000000000004
579.5,0.016,356,100,1.8
580.0,0.015,356,100,1.8
580.5,0.015,356,101,1.2000000000000002
581.0,0.018,356,100,1.2000000000000002
581.5,0.015,357,100,1.2000000000000002
582.0,0.015,357,100,1.8
582.5,0.015,357,100,1.8
583.0,0.015,358,100,1.2000000000000002
583.5,0.016,358,100,0.6000000000000001
584.0,0.021,358,100,0.6000000000000001
584.5,0.015,359,101,0.0
585.0,0.015,359,101,0.0
585.5,0.015,360,99,0.0
586.0,0.018,360,99,0.0
586.5,0.016,360,98,0.0
587.0,0.015,361,98,0.0
587.5,0.016,361,98,0.0
588.0,0.015,361,98,0.0
588.5,0.016,362,98,0.0
589.0,0.016,362,98,0.0
589.5,0.015,362,98,0.0
590.0,0.015,362,98,0.0
590.5,0.016,363,98,0.0
591.0,0.016,363,98,0.0
591.5,0.015,363,98,0.0
592.0,0.018,364,98,0.0
592.5,0.016,364,99,0.0
593.0,0.013,364,100,0.0
593.5,0.016,365,99,0.0
594.0,0.015,365,100,0.0
594.5,0.015,365,101,0.0
595.0,0.015,365,101,0.0
595.5,0.015,366,101,0.0
596.0,0.015,366,101,0.0
596.5,0.016,366,100,0.0
597.0,0.016,367,100,0.0
597.5,0.015,367,100,0.0
598.0,0.016,367,100,0.0
598.5,0.016,368,99,1.2000000000000002
599.0,0.016,368,100,1.8
599.5,0.018,368,100,2.4000000000000004
600.0,0.016,369,100,2.4000000000000004
600.5,0.016,369,100,1.8
601.0,0.016,369,100,1.8
601.5,0.016,369,99,1.8
602.0,0.015,370,99,1.2000000000000002
602.5,0.018,370,99,1.8
603.0,0.016,370,99,1.8
603.5,0.016,371,99,2.4000000000000004
604.0,0.016,371,100,1.8
604.5,0.018,371,100,2.4000000000000004
605.0,0.016,372,100,2.4000000000000004
605.5,0.018,372,100,2.4000000000000004
606.0,0.016,372,100,2.4000000000000004
606.5,0.015,372,100,1.8
607.0,0.015,373,100,2.4000000000000004
607.5,0.016,373,100,1.8
608.0,0.016,373,100,1.8
608.5,0.018,374,100,2.4000000000000004
609.0,0.018,374,100,2.4000000000000004
609.5,0.016,374,100,2.4000000000000004
610.0,0.015,375,99,1.8
610.5,0.016,375,100,1.8
611.0,0.016,375,101,1.8
611.5,0.019,375,100,1.8
612.0,0.016,376,100,1.2000000000000002
612.5,0.015,376,100,1.2000000000000002
613.0,0.016,376,100,1.2000000000000002
613.5,0.016,377,100,1.8
614.0,0.016,377,100,1.8
614.5,0.018,377,100,1.8
615.0,0.018,378,100,1.2000000000000002
615.5,0.015,378,100,0.6000000000000001
616.0,0.015,378,101,0.6000000000000001
616.5,0.016,379,101,0.0
617.0,0.016,379,101,0.0
617.5,0.016,379,100,0.0
618.0,0.018,379,99,0.0
618.5,0.016,380,99,0.0
619.0,0.015,380,99,0.0
619.5,0.016,380,98,0.0
620.0,0.016,381,98,0.0
620.5,0.019,381,98,0.0
621.0,0.016,381,98,0.0
621.5,0.016,381,98,0.0
622.0,0.015,382,99,0.0
622.5,0.018,382,99,0.0
623.0,0.016,382,99,0.0
623.5,0.019,383,98,0.0
624.0,0.016,383,99,0.0
624.5,0.015,383,99,0.0
625.0,0.016,384,99,0.0
625.5,0.018,384,100,0.0
626.0,0.016,384,100,0.0
626.5,0.018,384,100,0.0
627.0,0.016,385,101,0.0
627.5,0.016,385,101,0.0
628.0,0.016,385,101,0.0
628.5,0.016,386,101,0.0
629.0,0.015,386,100,0.0
629.5,0.018,386,100,0.0
630.0,0.016,387,100,0.0
630.5,0.016,387,100,0.0
631.0,0.016,387,99,0.6000000000000001
631.5,0.016,387,100,1.8
632.0,0.015,388,100,2.4000000000000004
632.5,0.016,388,100,2.4000000000000004
633.0,0.016,388,100,1.8
633.5,0.016,389,100,1.8
634.0,0.016,389,99,1.2000000000000002
634.5,0.015,389,99,1.2000000000000002
635.0,0.016,390,99,1.2000000000000002
635.5,0.018,390,99,1.8
636.0,0.016,390,99,1.8
636.5,0.015,390,100,1.8
637.0,0.016,391,100,2.4000000000000004
637.5,0.016,391,100,2.4000000000000004
638.0,0.016,391,100,2.4000000000000004
638.5,0.018,392,100,2.4000000000000004
639.0,0.016,392,100,2.4000000000000004
639.5,0.015,392,100,1.8
640.0,0.016,393,100,1.8
640.5,0.016,393,100,1.8
641.0,0.016,393,100,1.8
641.5,0.016,394,100,2.4000000000000004
642.0,0.016,394,100,1.8
642.5,0.015,394,100,1.8
643.0,0.016,394,100,1.8
643.5,0.015,395,100,1.8
644.0,0.018,395,100,1.8
644.5,0.016,395,100,1.2000000000000002
645.0,0.016,396,100,1.2000000000000002
645.5,0.015,396,101,1.2000000000000002
646.0,0.018,396,100,1.2000000000000002
646.5,0.016,397,100,1.8
647.0,0.016,397,100,1.8
647.5,0.016,397,100,1.2000000000000002
648.0,0.019,397,100,0.6000000000000001
648.5,0.015,398,101,0.6000000000000001
649.0,0.018,398,101,0.0
649.5,0.015,398,101,0.0
650.0,0.016,399,100,0.0
650.5,0.016,399,100,0.0
651.0,0.016,399,99,0.0
651.5,0.015,399,99,0.0
652.0,0.018,400,98,0.0
652.5,0.016,400,98,0.0
653.0,0.016,400,98,0.0
653.5,0.016,401,99,0.0
654.0,0.018,401,99,0.0
654.5,0.015,401,99,0.0
655.0,0.018,402,99,0.0
655.5,0.016,402,99,0.0
656.0,0.016,402,99,0.0
656.5,0.015,403,99,0.0
657.0,0.018,403,99,0.0
657.5,0.016,403,99,0.0
658.0,0.018,403,100,0.0
658.5,0.015,404,100,0.0
659.0,0.015,404,101,0.0
659.5,0.016,404,101,0.0
660.0,0.018,405,101,0.0
660.5,0.015,405,101,0.0
661.0,0.018,405,101,0.0
661.5,0.015,405,100,0.0
662.0,0.018,406,100,0.0
662.5,0.016,406,100,0.0
663.0,0.016,406,100,0.0
663.5,0.015,407,100,0.6000000000000001
664.0,0.016,407,99,1.8
664.5,0.018,407,100,2.4000000000000004
665.0,0.018,408,101,2.4000000000000004
665.5,0.016,408,100,1.8
666.0,0.016,408,100,1.8
666.5,0.015,409,100,1.2000000000000002
667.0,0.016,409,99,1.2000000000000002
667.5,0.016,409,99,1.2000000000000002
668.0,0.015,409,99,1.8
668.5,0.015,410,99,1.8
669.0,0.018,410,99,1.8
669.5,0.015,410,100,1.8
670.0,0.018,411,100,2.4000000000000004
670.5,0.018,411,100,2.4000000000000004
671.0,0.015,411,100,2.4000000000000004
671.5,0.016,412,100,2.4000000000000004
672.0,0.016,412,100,1.8
672.5,0.016,412,100,1.8
673.0,0.018,412,99,1.8
673.5,0.018,413,99,1.8
674.0,0.015,413,99,2.4000000000000004
674.5,0.016,413,99,2.4000000000000004
675.0,0.018,414,99,1.8
675.5,0.018,414,99,1.8
676.0,0.016,414,100,1.8
676.5,0.016,415,100,1.8
677.0,0.016,415,100,1.8
677.5,0.016,415,100,1.2000000000000002
678.0,0.016,415,100,1.2000000000000002
678.5,0.016,416,101,1.2000000000000002
679.0,0.016,416,100,1.8
679.5,0.016,416,99,1.8
680.0,0.016,417,100,1.2000000000000002
680.5,0.018,417,100,0.6000000000000001
681.0,0.016,417,100,0.6000000000000001
681.5,0.015,418,100,0.0
682.0,0.015,418,100,0.0
682.5,0.016,418,100,0.0
683.0,0.015,418,99,0.0
683.5,0.019,419,99,0.0
684.0,0.018,419,98,0.0
684.5,0.015,419,97,0.0
685.0,0.016,420,97,0.0
685.5,0.018,420,98,0.0
686.0,0.016,420,97,0.0
686.5,0.015,421,98,0.0
687.0,0.016,421,98,0.0
687.5,0.015,421,98,0.0
688.0,0.016,421,98,0.0
688.5,0.018,422,98,0.0
689.0,0.015,422,99,0.0
689.5,0.016,422,98,0.0
690.0,0.016,423,98,0.0
690.5,0.016,423,99,0.0
691.0,0.016,423,99,0.0
691.5,0.018,423,99,0.0
692.0,0.016,424,101,0.0
692.5,0.016,424,100,0.0
693.0,0.018,424,101,0.0
693.5,0.016,425,101,0.0
694.0,0.016,425,100,0.0
694.5,0.018,425,100,0.0
695.0,0.016,426,100,0.0
695.5,0.018,426,100,0.0
696.0,0.016,426,99,0.0
696.5,0.019,427,99,1.8
697.0,0.015,427,100,1.8
697.5,0.018,427,100,2.4000000000000004
698.0,0.015,427,100,1.8
698.5,0.018,428,100,1.8
699.0,0.016,428,100,1.2000000000000002
699.5,0.018,428,99,1.2000000000000002
700.0,0.015,429,99,1.2000000000000002
700.5,0.016,429,99,1.2000000000000002
701.0,0.016,429,99,1.8
701.5,0.019,429,99,1.8
702.0,0.016,430,99,1.8
702.5,0.016,430,100,2.4000000000000004
703.0,0.015,430,100,2.4000000000000004
703.5,0.016,431,100,2.4000000000000004
704.0,0.018,431,100,2.4000000000000004
704.5,0.019,431,100,1.8
705.0,0.015,432,100,1.8
705.5,0.018,432,99,1.8
706.0,0.015,432,100,1.8
706.5,0.018,433,100,2.4000000000000004
707.0,0.015,433,100,2.4000000000000004
707.5,0.018,433,99,1.8
708.0,0.016,433,100,1.8
708.5,0.015,434,100,1.8
709.0,0.015,434,100,1.8
709.5,0.021,434,100,1.2000000000000002
710.0,0.016,435,100,1.2000000000000002
710.5,0.016,435,100,1.2000000000000002
711.0,0.018,435,100,1.2000000000000002
711.5,0.016,436,101,1.8
712.0,0.015,436,100,1.8
712.5,0.016,436,100,1.2000000000000002
713.0,0.015,436,100,0.6000000000000001
713.5,0.015,437,100,0.6000000000000001
714.0,0.019,437,101,0.0
714.5,0.015,437,101,0.0
715.0,0.015,438,100,0.0
715.5,0.015,438,99,0.0
716.0,0.015,438,99,0.0
716.5,0.013,439,99,0.0
717.0,0.016,439,98,0.0
717.5,0.016,439,98,0.0
718.0,0.015,439,98,0.0
718.5,0.015,440,98,0.0
719.0,0.015,440,98,0.0
719.5,0.015,440,98,0.0
720.0,0.016,441,99,0.0
720.5,0.015,441,99,0.0
721.0,0.015,441,98,0.0
721.5,0.015,442,98,0.0
722.0,0.015,442,98,0.0
722.5,0.018,442,99,0.0
723.0,0.019,442,99,0.0
723.5,0.015,443,100,0.0
724.0,0.016,443,99,0.0
724.5,0.016,443,100,0.0
725.0,0.016,444,101,0.0
725.5,0.016,444,101,0.0
726.0,0.018,444,101,0.0
726.5,0.016,445,100,0.0
727.0,0.016,445,100,0.0
727.5,0.015,445,100,0.0
728.0,0.016,445,100,0.0
728.5,0.016,446,99,0.0
729.0,0.016,446,99,1.2000000000000002
729.5,0.015,446,99,1.8
730.0,0.018,447,100,2.4000000000000004
730.5,0.016,447,100,2.4000000000000004
731.0,0.015,447,100,1.8
731.5,0.015,448,99,1.8
732.0,0.018,448,99,1.8
732.5,0.015,448,99,1.8
733.0,0.016,448,99,1.8
733.5,0.016,449,98,1.8
734.0,0.015,449,99,1.8
734.5,0.013,449,99,1.8
735.0,0.016,450,99,2.4000000000000004
735.5,0.019,450,99,2.4000000000000004
736.0,0.016,450,100,2.4000000000000004
736.5,0.015,450,100,2.4000000000000004
737.0,0.015,451,100,2.4000000000000004
737.5,0.013,451,99,1.8
738.0,0.015,451,99,1.8
738.5,0.015,452,99,1.8
739.0,0.015,452,99,2.4000000000000004
739.5,0.015,452,99,2.4000000000000004
740.0,0.013,453,99,2.4000000000000004
740.5,0.015,453,99,2.4000000000000004
741.0,0.015,453,99,2.4000000000000004
741.5,0.015,453,100,1.8
742.0,0.013,454,100,1.8
742.5,0.015,454,99,1.8
743.0,0.015,454,100,1.2000000000000002
743.5,0.016,455,100,1.8
744.0,0.013,455,100,1.2000000000000002
744.5,0.016,455,100,1.8
745.0,0.016,456,100,1.8
745.5,0.016,456,100,1.2000000000000002
746.0,0.013,456,100,0.6000000000000001
746.5,0.015,457,100,0.6000000000000001
747.0,0.013,457,101,0.0
747.5,0.015,457,100,0.0
748.0,0.013,457,100,0.0
748.5,0.019,458,99,0.0
749.0,0.016,458,99,0.0
749.5,0.013,458,99,0.0
750.0,0.011,459,98,0.0
750.5,0.015,459,98,0.0
751.0,0.013,459,98,0.0
751.5,0.016,459,98,0.0
752.0,0.015,460,98,0.0
752.5,0.013,460,98,0.0
753.0,0.013,460,99,0.0
753.5,0.016,461,99,0.0
754.0,0.013,461,98,0.0
754.5,0.015,461,98,0.0
755.0,0.015,462,98,0.0
755.5,0.015,462,99,0.0
756.0,0.013,462,99,0.0
756.5,0.015,462,100,0.0
757.0,0.015,463,100,0.0
757.5,0.013,463,101,0.0
758.0,0.015,463,101,0.0
758.5,0.013,464,101,0.0
759.0,0.011,464,101,0.0
759.5,0.015,464,101,0.0
760.0,0.013,465,100,0.0
760.5,0.013,465,100,0.0
761.0,0.013,465,100,0.0
761.5,0.013,466,99,0.6000000000000001
762.0,0.011,466,99,1.8
762.5,0.016,466,100,2.4000000000000004
763.0,0.013,466,100,2.4000000000000004
763.5,0.013,467,100,2.4000000000000004
764.0,0.013,467,100,1.8
764.5,0.013,467,99,1.8
765.0,0.013,468,99,1.8
765.5,0.015,468,99,1.8
766.0,0.013,468,98,1.8
766.5,0.015,468,98,2.4000000000000004
767.0,0.013,469,99,2.4000000000000004
767.5,0.015,469,99,2.4000000000000004
768.0,0.011,469,99,2.4000000000000004
768.5,0.015,470,100,3.0
769.0,0.013,470,100,2.4000000000000004
769.5,0.015,470,100,2.4000000000000004
770.0,0.015,471,99,1.8
770.5,0.013,471,99,1.8
771.0,0.013,471,99,1.8
771.5,0.013,472,99,2.4000000000000004
772.0,0.013,472,99,2.4000000000000004
772.5,0.015,472,99,2.4000000000000004
773.0,0.011,472,99,2.4000000000000004
773.5,0.011,473,100,2.4000000000000004
774.0,0.013,473,99,2.4000000000000004
774.5,0.015,473,100,1.8
775.0,0.015,474,100,1.8
775.5,0.016,474,100,1.2000000000000002
776.0,0.013,474,100,1.2000000000000002
776.5,0.01,474,100,1.2000000000000002
777.0,0.013,475,100,1.2000000000000002
777.5,0.013,475,100,1.8
778.0,0.013,475,100,1.2000000000000002
778.5,0.016,476,100,0.6000000000000001
779.0,0.015,476,100,0.6000000000000001
779.5,0.011,476,101,0.0
780.0,0.013,477,101,0.0
780.5,0.011,477,100,0.0
781.0,0.011,477,100,0.0
781.5,0.015,477,99,0.0
782.0,0.013,478,99,0.0
782.5,0.011,478,98,0.0
783.0,0.013,478,98,0.0
783.5,0.011,479,98,0.0
784.0,0.011,479,98,0.0
784.5,0.013,479,98,0.0
785.0,0.015,480,98,0.0
785.5,0.011,480,99,0.0
786.0,0.015,480,99,0.0
786.5,0.013,480,99,0.0
787.0,0.013,481,99,0.0
787.5,0.013,481,98,0.0
788.0,0.015,481,99,0.0
788.5,0.013,482,100,0.0
789.0,0.016,482,99,0.0
789.5,0.013,482,100,0.0
790.0,0.013,483,101,0.0
790.5,0.011,483,101,0.0
791.0,0.015,483,102,0.0
791.5,0.011,483,102,0.0
792.0,0.013,484,101,0.0
792.5,0.013,484,101,0.0
793.0,0.011,485,100,0.0
793.5,0.013,485,100,0.0
794.0,0.013,485,100,1.8
794.5,0.013,486,100,2.4000000000000004
795.0,0.013,486,101,2.4000000000000004
795.5,0.015,486,101,1.8
796.0,0.013,486,101,1.8
796.5,0.013,487,100,1.2000000000000002
797.0,0.013,487,100,1.2000000000000002
797.5,0.013,487,100,1.2000000000000002
798.0,0.013,488,99,1.8
798.5,0.013,488,99,1.8
799.0,0.013,488,100,2.4000000000000004
799.5,0.015,489,100,1.8
800.0,0.013,489,100,2.4000000000000004
800.5,0.015,489,100,2.4000000000000004
801.0,0.013,490,100,2.4000000000000004
801.5,0.013,490,100,1.8
802.0,0.013,490,100,1.8
802.5,0.015,490,100,1.8
803.0,0.013,491,100,1.8
803.5,0.016,491,100,1.8
804.0,0.013,491,100,2.4000000000000004
804.5,0.013,492,100,1.8
805.0,0.011,492,99,1.8
805.5,0.015,492,100,1.8
806.0,0.013,493,101,1.8
806.5,0.016,493,100,1.8
807.0,0.013,493,100,1.2000000000000002
807.5,0.013,493,101,1.2000000000000002
808.0,0.013,494,100,1.2000000000000002
808.5,0.015,494,101,1.2000000000000002
809.0,0.013,494,101,1.2000000000000002
809.5,0.018,495,100,1.8
810.0,0.013,495,100,1.2000000000000002
810.5,0.011,495,101,0.6000000000000001
811.0,0.013,496,101,0.6000000000000001
811.5,0.015,496,101,0.0
812.0,0.013,496,101,0.0
812.5,0.015,496,101,0.0
813.0,0.015,497,100,0.0
813.5,0.011,497,100,0.0
814.0,0.011,497,99,0.0
814.5,0.015,498,99,0.0
815.0,0.013,498,98,0.0
815.5,0.015,498,99,0.0
816.0,0.013,499,98,0.0
816.5,0.01,499,99,0.0
817.0,0.013,499,99,0.0
817.5,0.013,499,99,0.0
818.0,0.015,501,100,0.0
818.5,0.015,502,100,0.0
819.0,0.013,502,100,0.0
819.5,0.013,502,101,0.0
820.0,0.011,502,101,0.0
820.5,0.015,503,102,0.0
821.0,0.015,503,102,0.0
821.5,0.013,503,101,0.0
822.0,0.013,504,101,0.0
822.5,0.013,504,101,0.0
823.0,0.011,504,101,0.0
823.5,0.015,505,100,0.0
824.0,0.015,505,100,1.2000000000000002
824.5,0.013,505,100,1.8
825.0,0.011,506,101,1.8
825.5,0.013,506,101,1.8
826.0,0.011,506,101,1.2000000000000002
826.5,0.015,506,100,1.2000000000000002
827.0,0.013,507,99,1.2000000000000002
827.5,0.013,507,100,1.2000000000000002
828.0,0.015,507,99,1.2000000000000002
828.5,0.013,508,99,1.8
829.0,0.011,508,100,1.8
829.5,0.016,508,100,1.8
830.0,0.013,509,100,2.4000000000000004
830.5,0.013,509,100,2.4000000000000004
831.0,0.011,509,100,2.4000000000000004
831.5,0.013,509,101,1.8
832.0,0.011,510,100,1.8
832.5,0.015,510,100,1.2000000000000002
833.0,0.015,510,100,1.8
833.5,0.011,511,100,1.8
834.0,0.013,511,100,1.8
834.5,0.013,511,100,1.8
835.0,0.013,512,100,1.8
835.5,0.015,512,100,1.8
836.0,0.013,512,100,1.8
836.5,0.015,512,100,1.2000000000000002
837.0,0.013,513,100,1.2000000000000002
837.5,0.013,513,100,1.2000000000000002
838.0,0.011,513,101,1.2000000000000002
838.5,0.015,514,101,1.2000000000000002
839.0,0.013,514,100,1.2000000000000002
839.5,0.013,514,100,1.2000000000000002
840.0,0.013,515,100,1.2000000000000002
840.5,0.015,515,100,0.6000000000000001
841.0,0.013,515,101,0.0
841.5,0.013,516,101,0.0
842.0,0.011,516,101,0.0
842.5,0.013,516,100,0.0
843.0,0.011,516,100,0.0
843.5,0.013,517,99,0.0
844.0,0.013,517,99,0.0
844.5,0.013,517,98,0.0
845.0,0.013,518,98,0.0
845.5,0.013,518,98,0.0
846.0,0.013,518,98,0.0
846.5,0.015,518,98,0.0
847.0,0.013,519,98,0.0
847.5,0.015,519,99,0.0
848.0,0.013,519,99,0.0
848.5,0.013,520,98,0.0
849.0,0.013,520,99,0.0
849.5,0.013,520,99,0.0
850.0,0.013,521,99,0.0
850.5,0.015,521,99,0.0
851.0,0.015,521,100,0.0
851.5,0.013,521,100,0.0
852.0,0.011,522,101,0.0
852.5,0.013,522,101,0.0
853.0,0.011,522,101,0.0
853.5,0.015,523,101,0.0
854.0,0.013,523,100,0.0
854.5,0.013,523,100,0.0
855.0,0.013,524,100,0.0
855.5,0.013,524,100,0.0
856.0,0.011,524,99,0.0
856.5,0.013,525,99,1.2000000000000002
857.0,0.013,525,100,1.8
857.5,0.013,525,100,1.8
858.0,0.013,525,100,1.8
858.5,0.011,526,100,1.8
859.0,0.011,526,100,1.2000000000000002
859.5,0.015,526,99,1.2000000000000002
860.0,0.015,527,99,1.2000000000000002
860.5,0.013,527,99,1.2000000000000002
861.0,0.015,527,99,1.8
861.5,0.013,527,99,2.4000000000000004
862.0,0.013,528,99,1.8
862.5,0.015,528,99,2.4000000000000004
863.0,0.015,528,100,2.4000000000000004
863.5,0.016,529,100,2.4000000000000004
864.0,0.013,529,100,2.4000000000000004
864.5,0.013,529,100,1.8
865.0,0.011,530,100,1.8
865.5,0.015,530,99,1.8
866.0,0.015,530,100,1.8
866.5,0.015,530,100,2.4000000000000004
867.0,0.013,531,99,1.8
867.5,0.011,531,99,1.8
868.0,0.013,531,99,1.8
868.5,0.015,532,100,1.8
869.0,0.015,532,100,1.8
869.5,0.01,532,100,1.2000000000000002
870.0,0.013,533,100,1.2000000000000002
870.5,0.013,533,100,1.2000000000000002
871.0,0.011,533,101,1.2000000000000002
871.5,0.015,534,100,1.2000000000000002
872.0,0.015,534,100,1.8
872.5,0.013,534,99,1.2000000000000002
873.0,0.011,534,100,0.6000000000000001
873.5,0.011,535,100,0.6000000000000001
874.0,0.013,535,100,0.6000000000000001
874.5,0.011,535,100,0.0
875.0,0.015,536,100,0.0
875.5,0.013,536,100,0.0
876.0,0.011,536,99,0.0
876.5,0.011,536,99,0.0
877.0,0.013,537,98,0.0
877.5,0.011,537,98,0.0
878.0,0.015,537,98,0.0
878.5,0.011,538,98,0.0
879.0,0.015,538,98,0.0
879.5,0.013,538,98,0.0
880.0,0.015,539,98,0.0
880.5,0.013,539,98,0.0
881.0,0.016,539,98,0.0
881.5,0.011,539,98,0.0
882.0,0.016,540,98,0.0
882.5,0.015,540,98,0.0
883.0,0.013,540,99,0.0
883.5,0.013,541,99,0.0
884.0,0.015,541,99,0.0
884.5,0.015,541,100,0.0
885.0,0.016,542,101,0.0
885.5,0.015,542,101,0.0
886.0,0.015,542,101,0.0
886.5,0.013,542,101,0.0
887.0,0.015,543,100,0.0
887.5,0.013,543,100,0.0
888.0,0.015,543,100,0.0
888.5,0.015,544,100,0.0
889.0,0.013,544,99,1.2000000000000002
889.5,0.013,544,100,1.8
890.0,0.015,545,100,1.8
890.5,0.015,545,100,1.8
891.0,0.016,545,100,1.8
891.5,0.015,545,100,1.8
892.0,0.013,546,99,1.2000000000000002
892.5,0.015,546,99,1.2000000000000002
893.0,0.013,546,99,1.2000000000000002
893.5,0.013,547,99,1.8
894.0,0.018,547,99,1.8
894.5,0.015,547,99,1.8
895.0,0.013,548,99,2.4000000000000004
895.5,0.015,548,99,3.0
896.0,0.013,548,100,2.4000000000000004
896.5,0.015,548,100,2.4000000000000004
897.0,0.015,549,100,2.4000000000000004
897.5,0.015,549,99,1.8
898.0,0.011,549,99,1.8
898.5,0.013,550,99,1.8
899.0,0.013,550,99,2.4000000000000004
899.5,0.013,550,99,2.4000000000000004
900.0,0.015,551,99,2.4000000000000004
900.5,0.015,551,99,2.4000000000000004
901.0,0.011,551,99,2.4000000000000004
901.5,0.015,551,99,1.8
902.0,0.013,552,100,1.8
902.5,0.013,552,100,1.2000000000000002
903.0,0.013,552,100,1.2000000000000002
903.5,0.015,553,100,1.2000000000000002
904.0,0.013,553,100,1.8
904.5,0.015,553,100,1.8
905.0,0.013,554,99,1.8
905.5,0.015,554,99,1.2000000000000002
906.0,0.015,554,99,0.6000000000000001
906.5,0.015,555,100,0.6000000000000001
907.0,0.013,555,100,0.0
907.5,0.015,555,100,0.0
908.0,0.015,555,99,0.0
908.5,0.013,556,99,0.0
909.0,0.013,556,98,0.0
909.5,0.016,556,98,0.0
910.0,0.013,557,97,0.0
910.5,0.015,557,97,0.0
911.0,0.013,557,97,0.0
911.5,0.015,557,97,0.0
912.0,0.015,558,97,0.0
912.5,0.016,558,97,0.0
913.0,0.013,558,98,0.0
913.5,0.016,559,98,0.0
914.0,0.013,559,97,0.0
914.5,0.016,559,98,0.0
915.0,0.015,559,98,0.0
915.5,0.016,560,98,0.0
916.0,0.013,560,99,0.0
916.5,0.016,560,99,0.0
917.0,0.015,561,99,0.0
917.5,0.015,561,100,0.0
918.0,0.013,561,100,0.0
918.5,0.018,562,100,0.0
919.0,0.015,562,100,0.0
919.5,0.016,562,100,0.0
920.0,0.013,563,100,0.0
920.5,0.015,563,100,0.0
921.0,0.013,563,100,0.0
921.5,0.015,563,99,0.0
922.0,0.013,564,99,1.8
922.5,0.016,564,99,1.8
923.0,0.013,564,100,2.4000000000000004
923.5,0.013,565,100,1.8
924.0,0.013,565,100,1.8
924.5,0.016,565,100,1.8
925.0,0.015,565,99,1.2000000000000002
925.5,0.015,566,99,1.2000000000000002
926.0,0.016,566,99,1.8
926.5,0.013,566,99,1.8
927.0,0.015,567,99,2.4000000000000004
927.5,0.016,567,100,2.4000000000000004
928.0,0.013,567,100,2.4000000000000004
928.5,0.015,568,100,2.4000000000000004
929.0,0.016,568,100,2.4000000000000004
929.5,0.015,568,100,2.4000000000000004
930.0,0.015,569,100,1.8
930.5,0.013,569,100,1.8
931.0,0.013,569,100,1.8
931.5,0.015,569,100,1.8
932.0,0.016,570,100,2.4000000000000004
932.5,0.015,570,100,1.8
933.0,0.015,570,100,1.8
933.5,0.013,571,100,1.8
934.0,0.016,571,100,1.8
934.5,0.013,571,100,1.8
935.0,0.015,572,100,1.2000000000000002
935.5,0.013,572,100,1.2000000000000002
936.0,0.015,572,101,1.2000000000000002
936.5,0.015,572,101,1.2000000000000002
937.0,0.015,573,101,1.8
937.5,0.013,573,100,1.8
938.0,0.015,573,100,1.2000000000000002
938.5,0.013,574,100,0.6000000000000001
939.0,0.013,574,101,0.0
939.5,0.013,574,101,0.0
940.0,0.015,575,101,0.0
940.5,0.015,575,101,0.0
941.0,0.015,575,100,0.0
941.5,0.013,575,100,0.0
942.0,0.015,576,99,0.0
942.5,0.013,576,99,0.0
943.0,0.015,576,98,0.0
943.5,0.013,577,99,0.0
944.0,0.016,577,98,0.0
944.5,0.016,577,98,0.0
945.0,0.015,578,98,0.0
945.5,0.011,578,99,0.0
946.0,0.015,578,99,0.0
946.5,0.015,578,98,0.0
947.0,0.016,579,98,0.0
947.5,0.015,579,99,0.0
948.0,0.013,579,99,0.0
948.5,0.013,580,100,0.0
949.0,0.015,580,100,0.0
949.5,0.016,580,100,0.0
950.0,0.018,581,101,0.0
950.5,0.015,581,101,0.0
951.0,0.015,581,101,0.0
951.5,0.015,581,101,0.0
952.0,0.015,582,101,0.0
952.5,0.015,582,101,0.0
953.0,0.016,582,100,0.0
953.5,0.015,583,100,0.0
954.0,0.015,583,100,0.0
954.5,0.015,583,100,1.2000000000000002
955.0,0.015,584,100,1.8
955.5,0.015,584,101,1.8
956.0,0.015,584,101,1.8
956.5,0.015,584,101,1.8
957.0,0.016,585,100,1.2000000000000002
957.5,0.016,585,100,1.2000000000000002
958.0,0.015,585,100,1.2000000000000002
958.5,0.015,586,99,1.2000000000000002
959.0,0.016,586,99,1.8
959.5,0.016,586,100,1.8
960.0,0.015,587,100,2.4000000000000004
960.5,0.016,587,100,2.4000000000000004
961.0,0.015,587,101,2.4000000000000004
961.5,0.013,587,101,2.4000000000000004
962.0,0.016,588,101,1.8
962.5,0.015,588,101,1.8
963.0,0.016,588,100,1.2000000000000002
963.5,0.015,589,100,1.2000000000000002
964.0,0.013,589,100,1.8
964.5,0.013,589,100,1.8
965.0,0.016,590,100,1.8
965.5,0.015,590,100,1.8
966.0,0.015,590,100,1.8
966.5,0.016,590,100,1.8
967.0,0.013,591,101,1.8
967.5,0.013,591,100,1.2000000000000002
968.0,0.018,591,101,1.2000000000000002
968.5,0.013,592,101,1.2000000000000002
969.0,0.013,592,101,1.2000000000000002
969.5,0.015,592,100,1.2000000000000002
970.0,0.013,593,101,1.8
970.5,0.013,593,100,1.2000000000000002
971.0,0.016,593,101,0.6000000000000001
971.5,0.013,594,101,0.6000000000000001
972.0,0.013,594,101,0.0
972.5,0.013,594,101,0.0
973.0,0.013,594,101,0.0
973.5,0.013,595,100,0.0
974.0,0.015,595,100,0.0
974.5,0.013,595,99,0.0
975.0,0.013,596,98,0.0
975.5,0.013,596,98,0.0
976.0,0.011,596,98,0.0
976.5,0.013,597,98,0.0
977.0,0.013,597,98,0.0
977.5,0.013,597,98,0.0
978.0,0.011,597,99,0.0
978.5,0.015,598,99,0.0
979.0,0.011,598,98,0.0
979.5,0.015,598,98,0.0
980.0,0.013,599,98,0.0
980.5,0.013,599,99,0.0
981.0,0.013,599,99,0.0
981.5,0.015,599,99,0.0
982.0,0.011,600,100,0.0
982.5,0.013,600,100,0.0
983.0,0.013,600,101,0.0
983.5,0.015,601,101,0.0
984.0,0.013,601,101,0.0
984.5,0.016,601,100,0.0
985.0,0.011,602,100,0.0
985.5,0.015,602,100,0.0
986.0,0.013,602,100,0.0
986.5,0.015,603,100,0.0
987.0,0.013,603,99,1.2000000000000002
987.5,0.016,603,100,1.8
988.0,0.015,603,100,1.8
988.5,0.016,604,100,1.8
989.0,0.015,604,100,1.8
989.5,0.015,604,100,1.2000000000000002
990.0,0.015,605,99,1.2000000000000002
990.5,0.016,605,99,1.2000000000000002
991.0,0.013,605,99,1.8
991.5,0.015,606,99,1.8
992.0,0.013,606,99,1.8
992.5,0.015,606,100,1.8
993.0,0.013,606,100,2.4000000000000004
993.5,0.016,607,100,2.4000000000000004
994.0,0.013,607,100,2.4000000000000004
994.5,0.016,607,100,2.4000000000000004
995.0,0.015,608,100,1.8
995.5,0.015,608,100,1.8
996.0,0.015,608,100,1.2000000000000002
996.5,0.016,608,100,1.8
997.0,0.015,609,100,1.8
997.5,0.015,609,100,1.8
998.0,0.015,609,99,1.8
998.5,0.013,610,100,1.8
999.0,0.013,610,100,1.8
999.5,0.016,610,100,1.8
1000.0,0.015,611,100,1.2000000000000002
1000.5,0.015,611,100,1.2000000000000002
1001.0,0.015,611,99,1.2000000000000002
1001.5,0.015,612,100,1.2000000000000002
1002.0,0.011,612,100,1.2000000000000002
1002.5,0.018,612,100,1.8
1003.0,0.013,612,100,1.2000000000000002
1003.5,0.015,613,99,0.6000000000000001
1004.0,0.013,613,100,0.6000000000000001
1004.5,0.015,613,100,0.0
1005.0,0.013,614,100,0.0
1005.5,0.016,614,100,0.6000000000000001
1006.0,0.013,614,99,0.0
1006.5,0.013,615,99,0.0
1007.0,0.013,615,99,0.0
1007.5,0.013,615,98,0.0
1008.0,0.011,615,98,0.0
1008.5,0.018,616,98,0.0
1009.0,0.013,616,98,0.0
1009.5,0.015,616,98,0.0
1010.0,0.013,617,98,0.0
1010.5,0.013,617,98,0.0
1011.0,0.015,617,99,0.0
1011.5,0.016,618,99,0.0
1012.0,0.015,618,98,0.0
1012.5,0.011,618,98,0.0
1013.0,0.015,618,98,0.0
1013.5,0.013,619,99,0.0
1014.0,0.013,619,100,0.0
1014.5,0.013,619,99,0.0
1015.0,0.016,620,100,0.0
1015.5,0.011,620,101,0.0
1016.0,0.015,620,101,0.0
1016.5,0.013,621,101,0.0
1017.0,0.013,621,101,0.0
1017.5,0.015,621,100,0.0
1018.0,0.015,621,100,0.0
1018.5,0.011,622,100,0.0
1019.0,0.015,622,100,0.0
1019.5,0.013,622,99,0.6000000000000001
1020.0,0.015,623,99,1.8
1020.5,0.013,623,100,2.4000000000000004
1021.0,0.015,623,100,1.8
1021.5,0.013,624,100,1.8
1022.0,0.015,624,100,1.2000000000000002
1022.5,0.015,624,99,1.2000000000000002
1023.0,0.013,624,99,1.2000000000000002
1023.5,0.013,625,99,1.2000000000000002
1024.0,0.015,625,99,1.2000000000000002
1024.5,0.013,625,99,1.8
1025.0,0.015,626,99,1.8
1025.5,0.013,626,99,1.8
1026.0,0.013,626,99,2.4000000000000004
1026.5,0.013,627,100,2.4000000000000004
1027.0,0.016,627,100,2.4000000000000004
1027.5,0.013,627,100,2.4000000000000004
1028.0,0.016,627,99,1.2000000000000002
1028.5,0.013,628,100,1.2000000000000002
1029.0,0.013,628,99,1.8
1029.5,0.013,628,99,1.8
1030.0,0.015,629,100,1.8
1030.5,0.015,629,99,1.8
1031.0,0.016,629,99,1.8
1031.5,0.011,630,100,1.8
1032.0,0.013,630,100,1.8
1032.5,0.011,630,100,1.2000000000000002
1033.0,0.013,630,100,1.2000000000000002
1033.5,0.013,631,101,1.2000000000000002
1034.0,0.016,631,100,1.2000000000000002
1034.5,0.013,631,100,1.2000000000000002
1035.0,0.01,632,100,1.8
1035.5,0.015,632,100,1.8
1036.0,0.013,632,100,0.6000000000000001
1036.5,0.013,632,100,0.6000000000000001
1037.0,0.016,633,101,0.6000000000000001
1037.5,0.011,633,101,0.0
1038.0,0.011,633,100,0.0
1038.5,0.011,634,100,0.0
1039.0,0.013,634,99,0.0
1039.5,0.013,634,99,0.0
1040.0,0.015,635,98,0.0
1040.5,0.011,635,98,0.0
1041.0,0.01,635,98,0.0
1041.5,0.011,636,98,0.0
1042.0,0.015,636,98,0.0
1042.5,0.013,636,98,0.0
1043.0,0.013,636,98,0.0
1043.5,0.013,637,98,0.0
1044.0,0.011,637,98,0.0
1044.5,0.011,637,98,0.0
1045.0,0.013,638,99,0.0
1045.5,0.011,638,98,0.0
1046.0,0.013,638,98,0.0
1046.5,0.011,638,99,0.0
1047.0,0.01,639,99,0.0
1047.5,0.011,639,100,0.0
1048.0,0.011,639,101,0.0
1048.5,0.013,640,101,0.0
1049.0,0.013,640,101,0.0
1049.5,0.013,640,101,0.0
1050.0,0.011,641,100,0.0
1050.5,0.011,641,100,0.0
1051.0,0.013,641,100,0.0
1051.5,0.013,642,100,0.0
1052.0,0.011,642,99,0.6000000000000001
1052.5,0.013,642,99,1.2000000000000002
1053.0,0.013,642,99,1.8
1053.5,0.013,643,100,1.8
1054.0,0.013,643,100,1.8
1054.5,0.013,643,100,1.8
1055.0,0.013,644,99,1.2000000000000002
1055.5,0.013,644,99,1.2000000000000002
1056.0,0.01,644,99,1.2000000000000002
1056.5,0.013,645,99,1.2000000000000002
1057.0,0.011,645,99,1.8
1057.5,0.013,645,99,1.8
1058.0,0.013,645,99,2.4000000000000004
1058.5,0.013,646,99,2.4000000000000004
1059.0,0.011,646,100,2.4000000000000004
1059.5,0.013,646,100,2.4000000000000004
1060.0,0.015,647,100,2.4000000000000004
1060.5,0.015,647,100,1.8
1061.0,0.011,647,100,1.8
1061.5,0.016,647,100,1.8
1062.0,0.013,648,100,1.8
1062.5,0.015,648,99,2.4000000000000004
1063.0,0.013,648,99,1.8
1063.5,0.015,649,100,1.8
1064.0,0.011,649,100,1.8
1064.5,0.013,649,100,1.8
1065.0,0.013,650,100,1.8
1065.5,0.015,650,100,1.2000000000000002
1066.0,0.011,650,100,1.2000000000000002
1066.5,0.013,651,100,1.2000000000000002
1067.0,0.011,651,100,1.2000000000000002
1067.5,0.015,651,100,1.8
1068.0,0.013,651,100,1.8
1068.5,0.018,652,100,1.2000000000000002
1069.0,0.013,652,100,0.6000000000000001
1069.5,0.015,652,100,0.6000000000000001
1070.0,0.011,653,101,0.0
1070.5,0.015,653,100,0.0
1071.0,0.013,653,100,0.0
1071.5,0.016,654,99,0.0
1072.0,0.011,654,99,0.0
1072.5,0.011,654,99,0.0
1073.0,0.011,654,98,0.0
1073.5,0.015,655,98,0.0
1074.0,0.011,655,98,0.0
1074.5,0.015,655,98,0.0
1075.0,0.013,656,98,0.0
1075.5,0.013,656,98,0.0
1076.0,0.013,656,98,0.0
1076.5,0.011,658,98,0.0
1077.0,0.013,658,99,0.0
1077.5,0.016,658,99,0.0
1078.0,0.013,659,99,0.0
1078.5,0.011,659,100,0.0
1079.0,0.015,659,100,0.0
1079.5,0.011,659,101,0.0
1080.0,0.013,660,101,0.0
1080.5,0.015,660,100,0.0
1081.0,0.013,660,100,0.0
1081.5,0.011,661,100,0.0
1082.0,0.013,661,100,0.0
1082.5,0.011,661,99,0.0
1083.0,0.013,662,99,1.2000000000000002
1083.5,0.015,662,99,1.8
1084.0,0.013,662,100,2.4000000000000004
1084.5,0.011,662,100,2.4000000000000004
1085.0,0.011,663,100,1.8
1085.5,0.013,663,99,1.8
1086.0,0.013,663,99,1.8
1086.5,0.013,664,99,1.2000000000000002
1087.0,0.013,664,98,1.2000000000000002
1087.5,0.013,664,98,1.8
1088.0,0.015,665,99,1.8
1088.5,0.011,665,99,1.8
1089.0,0.013,665,99,2.4000000000000004
1089.5,0.013,666,99,2.4000000000000004
1090.0,0.013,666,100,2.4000000000000004
1090.5,0.011,666,100,2.4000000000000004
1091.0,0.013,666,100,1.8
1091.5,0.013,667,99,1.8
1092.0,0.013,667,99,1.8
1092.5,0.013,667,99,1.8
1093.0,0.015,668,99,2.4000000000000004
1093.5,0.013,668,100,2.4000000000000004
1094.0,0.015,668,99,1.8
1094.5,0.013,668,100,2.4000000000000004
1095.0,0.013,669,99,1.8
1095.5,0.013,669,100,1.8
1096.0,0.015,669,100,1.8
1096.5,0.013,670,100,1.2000000000000002
1097.0,0.015,670,100,1.2000000000000002
1097.5,0.011,670,100,1.2000000000000002
1098.0,0.013,671,100,1.2000000000000002
1098.5,0.013,671,100,1.8
1099.0,0.013,671,100,1.2000000000000002
1099.5,0.011,671,99,0.6000000000000001
1100.0,0.018,672,100,0.6000000000000001
1100.5,0.011,672,100,0.6000000000000001
1101.0,0.013,672,100,0.0
1101.5,0.011,673,100,0.0
1102.0,0.011,673,100,0.0
1102.5,0.013,673,99,0.0
1103.0,0.016,674,99,0.0
1103.5,0.011,674,98,0.0
1104.0,0.013,674,98,0.0
1104.5,0.013,675,97,0.0
1105.0,0.011,675,98,0.0
1105.5,0.013,675,98,0.0
1106.0,0.015,675,98,0.0
1106.5,0.011,676,98,0.0
1107.0,0.013,676,98,0.0
1107.5,0.013,676,98,0.0
1108.0,0.013,677,98,0.0
1108.5,0.015,677,98,0.0
1109.0,0.013,677,98,0.0
1109.5,0.013,677,99,0.0
1110.0,0.013,678,99,0.0
1110.5,0.015,678,99,0.0
1111.0,0.013,678,100,0.0
1111.5,0.013,679,101,0.0
1112.0,0.013,679,101,0.0
1112.5,0.013,679,101,0.0
1113.0,0.013,680,101,0.0
1113.5,0.015,680,100,0.0
1114.0,0.013,680,100,0.0
1114.5,0.013,680,100,0.0
1115.0,0.013,681,100,0.0
1115.5,0.013,681,99,0.6000000000000001
1116.0,0.013,681,100,1.8
1116.5,0.016,682,100,2.4000000000000004
1117.0,0.013,682,101,2.4000000000000004
1117.5,0.013,682,100,1.8
1118.0,0.015,683,100,1.8
1118.5,0.015,683,99,1.8
1119.0,0.013,683,99,1.2000000000000002
1119.5,0.016,683,99,1.8
1120.0,0.013,684,99,1.8
1120.5,0.015,684,99,2.4000000000000004
1121.0,0.011,684,99,1.8
1121.5,0.015,685,100,2.4000000000000004
1122.0,0.013,685,100,2.4000000000000004
1122.5,0.016,685,100,2.4000000000000004
1123.0,0.013,686,100,2.4000000000000004
1123.5,0.013,686,100,1.8
1124.0,0.011,686,100,1.8
1124.5,0.013,686,100,1.8
1125.0,0.013,687,100,1.8
1125.5,0.016,687,100,1.8
1126.0,0.013,687,100,2.4000000000000004
1126.5,0.015,688,100,1.8
1127.0,0.013,688,99,1.8
1127.5,0.013,688,100,2.4000000000000004
1128.0,0.013,689,100,1.8
1128.5,0.015,689,100,1.8
1129.0,0.013,689,101,1.2000000000000002
1129.5,0.015,690,101,1.2000000000000002
1130.0,0.011,690,100,1.2000000000000002
1130.5,0.015,690,100,1.2000000000000002
1131.0,0.015,690,100,1.8
1131.5,0.016,691,100,1.8
1132.0,0.013,691,100,0.6000000000000001
1132.5,0.015,691,100,0.6000000000000001
1133.0,0.011,692,100,0.6000000000000001
1133.5,0.013,692,101,0.0
1134.0,0.015,692,101,0.0
1134.5,0.018,693,100,0.0
1135.0,0.013,693,99,0.0
1135.5,0.013,693,99,0.0
1136.0,0.011,693,99,0.0
1136.5,0.015,694,98,0.0
1137.0,0.015,694,98,0.0
1137.5,0.016,694,98,0.0
1138.0,0.011,695,98,0.0
1138.5,0.015,695,98,0.0
1139.0,0.015,695,98,0.0
1139.5,0.016,696,99,0.0
1140.0,0.013,696,99,0.0
1140.5,0.018,696,98,0.0
1141.0,0.013,696,99,0.0
1141.5,0.013,697,98,0.0
1142.0,0.015,697,99,0.0
1142.5,0.016,697,99,0.0
1143.0,0.015,698,100,0.0
1143.5,0.016,698,100,0.0
1144.0,0.013,698,100,0.0
1144.5,0.013,698,101,0.0
1145.0,0.015,699,101,0.0
1145.5,0.015,699,101,0.0
1146.0,0.015,703,99,1.2000000000000002
1146.5,0.015,703,99,1.8
1147.0,0.015,704,99,1.8
1147.5,0.015,704,99,1.8
1148.0,0.015,704,100,2.4000000000000004
1148.5,0.013,705,100,2.4000000000000004
1149.0,0.015,705,100,2.4000000000000004
1149.5,0.015,705,100,2.4000000000000004
1150.0,0.015,705,100,1.8
1150.5,0.013,706,100,1.8
1151.0,0.016,706,100,1.8
1151.5,0.015,706,100,1.2000000000000002
1152.0,0.015,707,100,1.8
1152.5,0.013,707,100,2.4000000000000004
1153.0,0.015,707,100,1.8
1153.5,0.015,708,100,1.8
1154.0,0.015,708,100,1.8
1154.5,0.015,708,100,1.8
1155.0,0.015,708,100,1.2000000000000002
1155.5,0.011,709,100,1.2000000000000002
1156.0,0.015,709,100,1.2000000000000002
1156.5,0.015,709,100,1.2000000000000002
1157.0,0.016,710,101,1.2000000000000002
1157.5,0.013,710,100,1.2000000000000002
1158.0,0.015,710,100,1.2000000000000002
1158.5,0.013,710,100,1.2000000000000002
1159.0,0.016,711,100,0.6000000000000001
1159.5,0.013,711,101,0.0
1160.0,0.016,711,101,0.0
1160.5,0.013,712,101,0.0
1161.0,0.015,712,100,0.0
1161.5,0.013,712,100,0.0
1162.0,0.015,713,100,0.0
1162.5,0.016,713,99,0.0
1163.0,0.018,713,98,0.0
1163.5,0.013,714,98,0.0
1164.0,0.015,714,98,0.0
1164.5,0.015,714,98,0.0
1165.0,0.015,714,98,0.0
1165.5,0.015,715,98,0.0
1166.0,0.015,715,98,0.0
1166.5,0.013,715,99,0.0
1167.0,0.015,716,98,0.0
1167.5,0.015,716,98,0.0
1168.0,0.015,716,99,0.0
1168.5,0.015,717,99,0.0
1169.0,0.015,717,99,0.0
1169.5,0.015,717,100,0.0
1170.0,0.015,718,100,0.0
1170.5,0.015,718,101,0.0
1171.0,0.016,718,101,0.0
1171.5,0.016,719,101,0.0
1172.0,0.016,719,100,0.0
1172.5,0.015,719,101,0.0
1173.0,0.015,720,100,0.0
1173.5,0.015,720,100,0.0
1174.0,0.015,720,100,0.6000000000000001
1174.5,0.015,720,99,1.8
1175.0,0.018,721,100,2.4000000000000004
1175.5,0.015,721,100,2.4000000000000004
1176.0,0.015,721,100,1.8
1176.5,0.015,722,100,1.8
1177.0,0.016,722,100,1.2000000000000002
1177.5,0.015,722,99,1.2000000000000002
1178.0,0.015,723,99,1.2000000000000002
1178.5,0.016,723,99,1.2000000000000002
1179.0,0.016,723,99,1.8
1179.5,0.015,723,99,1.8
1180.0,0.018,724,99,1.8
1180.5,0.016,724,99,2.4000000000000004
1181.0,0.015,724,100,2.4000000000000004
1181.5,0.016,725,100,2.4000000000000004
1182.0,0.015,725,100,2.4000000000000004
1182.5,0.015,725,100,1.8
1183.0,0.015,726,99,1.8
1183.5,0.016,726,99,1.8
1184.0,0.016,726,99,1.8
1184.5,0.015,726,99,2.4000000000000004
1185.0,0.016,727,99,1.8
1185.5,0.016,727,99,1.8
1186.0,0.016,727,99,1.8
1186.5,0.016,728,99,1.8
1187.0,0.015,728,100,1.8
1187.5,0.015,728,100,1.8
1188.0,0.018,729,100,1.2000000000000002
1188.5,0.016,729,100,1.2000000000000002
1189.0,0.016,729,101,1.2000000000000002
1189.5,0.018,729,100,1.2000000000000002
1190.0,0.016,730,100,1.8
1190.5,0.013,730,100,1.2000000000000002
1191.0,0.015,731,100,0.6000000000000001
1191.5,0.015,731,101,0.0
1192.0,0.016,731,101,0.0
1192.5,0.018,732,100,0.0
1193.0,0.013,732,100,0.0
1193.5,0.016,732,99,0.0
1194.0,0.015,732,99,0.0
1194.5,0.015,733,98,0.0
1195.0,0.016,733,98,0.0
1195.5,0.018,733,98,0.0
1196.0,0.015,734,98,0.0
1196.5,0.018,734,98,0.0
1197.0,0.015,734,98,0.0
1197.5,0.016,735,98,0.0
1198.0,0.016,735,99,0.0
1198.5,0.016,735,98,0.0
1199.0,0.015,735,98,0.0
1199.5,0.016,736,98,0.0
1200.0,0.015,736,98,0.0
1200.5,0.016,736,99,0.0
1201.0,0.016,737,99,0.0
1201.5,0.016,737,99,0.0
1202.0,0.015,737,100,0.0
1202.5,0.016,738,100,0.0
1203.0,0.015,738,101,0.0
1203.5,0.016,738,101,0.0
1204.0,0.015,738,100,0.0
1204.5,0.016,739,100,0.0
1205.0,0.015,739,100,0.0
1205.5,0.019,739,100,0.0
1206.0,0.015,740,100,0.0
1206.5,0.016,740,99,1.2000000000000002
1207.0,0.016,740,100,1.8
1207.5,0.016,741,100,1.8
1208.0,0.015,741,100,1.8
1208.5,0.016,741,100,1.8
1209.0,0.016,741,100,1.2000000000000002
1209.5,0.015,742,99,1.2000000000000002
1210.0,0.016,742,99,1.2000000000000002
1210.5,0.016,742,99,1.2000000000000002
1211.0,0.015,743,99,1.8
1211.5,0.018,743,99,2.4000000000000004
1212.0,0.016,743,99,2.4000000000000004
1212.5,0.016,744,100,2.4000000000000004
1213.0,0.016,744,100,2.4000000000000004
1213.5,0.018,744,100,2.4000000000000004
1214.0,0.015,744,100,2.4000000000000004
1214.5,0.018,745,100,1.8
1215.0,0.015,745,100,1.8
1215.5,0.015,745,100,1.8
1216.0,0.015,746,100,1.8
1216.5,0.015,746,100,1.8
1217.0,0.015,746,100,1.8
1217.5,0.016,747,99,1.8
1218.0,0.015,747,100,1.8
1218.5,0.013,747,100,2.4000000000000004
1219.0,0.016,747,100,1.8
1219.5,0.015,748,100,1.8
1220.0,0.016,748,100,1.2000000000000002
1220.5,0.016,748,100,1.2000000000000002
1221.0,0.016,749,100,1.2000000000000002
1221.5,0.013,749,100,1.8
1222.0,0.016,749,100,1.8
1222.5,0.016,750,100,1.8
1223.0,0.016,750,100,1.2000000000000002
1223.5,0.016,750,100,0.6000000000000001
1224.0,0.015,750,101,0.6000000000000001
1224.5,0.015,751,101,0.0
1225.0,0.016,751,101,0.0
1225.5,0.015,751,100,0.0
1226.0,0.013,752,100,0.0
1226.5,0.016,752,99,0.0
1227.0,0.015,752,99,0.0
1227.5,0.015,753,98,0.0
1228.0,0.016,753,98,0.0
1228.5,0.015,753,98,0.0
1229.0,0.015,753,98,0.0
1229.5,0.016,754,98,0.0
1230.0,0.016,754,99,0.0
1230.5,0.013,754,99,0.0
1231.0,0.016,755,99,0.0
1231.5,0.018,755,98,0.0
1232.0,0.015,755,99,0.0
1232.5,0.015,756,99,0.0
1233.0,0.016,756,99,0.0
1233.5,0.016,756,100,0.0
1234.0,0.016,756,99,0.0
1234.5,0.016,757,100,0.0
1235.0,0.016,757,101,0.0
1235.5,0.016,757,101,0.0
1236.0,0.016,758,101,0.0
1236.5,0.015,758,101,0.0
1237.0,0.015,758,100,0.0
1237.5,0.018,759,100,0.0
1238.0,0.013,759,100,0.0
1238.5,0.015,759,100,0.0
1239.0,0.016,759,100,0.6000000000000001
1239.5,0.016,760,100,1.8
1240.0,0.018,760,100,1.8
1240.5,0.018,760,101,1.8
1241.0,0.015,761,100,1.8
1241.5,0.016,761,100,1.8
1242.0,0.018,761,100,1.8
1242.5,0.013,762,99,1.2000000000000002
1243.0,0.018,762,99,1.2000000000000002
1243.5,0.018,762,99,1.8
1244.0,0.016,763,99,1.8
1244.5,0.016,763,100,1.8
1245.0,0.018,763,100,2.4000000000000004
1245.5,0.015,763,100,2.4000000000000004
1246.0,0.019,764,100,2.4000000000000004
1246.5,0.018,764,100,2.4000000000000004
1247.0,0.015,764,100,1.8
1247.5,0.015,765,100,1.8
1248.0,0.018,765,100,1.8
1248.5,0.016,765,100,1.8
1249.0,0.018,766,100,1.8
1249.5,0.018,766,100,2.4000000000000004
1250.0,0.015,766,100,1.8
1250.5,0.015,766,99,1.8
1251.0,0.018,767,100,1.8
1251.5,0.016,767,101,1.8
1252.0,0.019,767,100,1.2000000000000002
1252.5,0.016,768,100,1.2000000000000002
1253.0,0.016,768,101,1.2000000000000002
1253.5,0.016,768,100,1.2000000000000002
1254.0,0.018,769,100,1.2000000000000002
1254.5,0.016,769,100,1.2000000000000002
1255.0,0.021,769,100,1.2000000000000002
1255.5,0.016,769,100,0.6000000000000001
1256.0,0.016,770,100,0.6000000000000001
1256.5,0.015,770,100,0.0
1257.0,0.018,770,101,0.0
1257.5,0.018,771,100,0.0
1258.0,0.019,771,100,0.0
1258.5,0.016,771,99,0.0
1259.0,0.016,772,99,0.0
1259.5,0.015,772,98,0.0
1260.0,0.019,774,98,0.0
1260.5,0.016,774,98,0.0
1261.0,0.018,774,98,0.0
1261.5,0.016,775,98,0.0
1262.0,0.015,775,98,0.0
1262.5,0.018,775,98,0.0
1263.0,0.018,776,99,0.0
1263.5,0.016,776,100,0.0
1264.0,0.016,776,99,0.0
1264.5,0.019,777,100,0.0
1265.0,0.015,777,101,0.0
1265.5,0.015,777,101,0.0
1266.0,0.016,778,101,0.0
1266.5,0.016,778,100,0.0
1267.0,0.015,778,100,0.0
1267.5,0.018,778,100,0.0
1268.0,0.015,779,100,0.0
1268.5,0.015,779,99,0.0
1269.0,0.016,779,99,1.2000000000000002
1269.5,0.016,780,100,1.8
1270.0,0.016,780,100,1.8
1270.5,0.018,780,100,1.8
1271.0,0.018,780,100,1.8
1271.5,0.018,781,99,1.2000000000000002
1272.0,0.016,781,99,1.2000000000000002
1272.5,0.016,781,99,1.2000000000000002
1273.0,0.018,782,99,1.2000000000000002
1273.5,0.018,782,99,1.8
1274.0,0.016,782,99,1.8
1274.5,0.018,783,99,2.4000000000000004
1275.0,0.018,783,99,2.4000000000000004
1275.5,0.018,783,100,2.4000000000000004
1276.0,0.016,783,100,2.4000000000000004
1276.5,0.016,784,100,1.8
1277.0,0.018,784,100,1.8
1277.5,0.019,784,99,1.2000000000000002
1278.0,0.016,785,99,1.8
1278.5,0.016,785,100,1.8
1279.0,0.015,785,99,2.4000000000000004
1279.5,0.018,786,99,1.8
1280.0,0.016,786,99,1.8
1280.5,0.016,786,99,1.8
1281.0,0.019,787,100,1.8
1281.5,0.016,787,100,1.8
1282.0,0.015,787,100,1.2000000000000002
1282.5,0.019,787,100,1.2000000000000002
1283.0,0.016,788,100,1.2000000000000002
1283.5,0.018,788,100,1.8
1284.0,0.016,788,100,1.2000000000000002
1284.5,0.016,789,100,1.8
1285.0,0.015,789,100,1.2000000000000002
1285.5,0.019,789,100,0.6000000000000001
1286.0,0.016,789,100,0.0
1286.5,0.015,790,100,0.0
1287.0,0.016,790,100,0.0
1287.5,0.013,790,100,0.0
1288.0,0.015,791,99,0.0
1288.5,0.018,791,99,0.0
1289.0,0.016,791,98,0.0
1289.5,0.015,792,98,0.0
1290.0,0.016,792,98,0.0
1290.5,0.015,792,98,0.0
1291.0,0.015,793,98,0.0
1291.5,0.016,793,98,0.0
1292.0,0.016,793,98,0.0
1292.5,0.015,793,98,0.0
1293.0,0.018,794,98,0.0
1293.5,0.015,794,98,0.0
1294.0,0.016,794,98,0.0
1294.5,0.015,795,98,0.0
1295.0,0.016,795,98,0.0
1295.5,0.015,795,99,0.0
1296.0,0.016,795,99,0.0
1296.5,0.016,796,100,0.0
1297.0,0.016,796,100,0.0
1297.5,0.015,796,101,0.0
1298.0,0.016,797,101,0.0
1298.5,0.015,797,101,0.0
1299.0,0.016,797,100,0.0
1299.5,0.015,798,100,0.0
1300.0,0.015,798,100,0.0
1300.5,0.015,798,100,0.0
1301.0,0.016,798,100,0.0
1301.5,0.015,799,99,0.6000000000000001
1302.0,0.016,799,99,1.8
1302.5,0.015,799,100,1.8
1303.0,0.015,800,100,1.8
1303.5,0.015,800,100,1.8
1304.0,0.016,800,100,1.2000000000000002
1304.5,0.015,801,99,1.2000000000000002
1305.0,0.016,801,99,1.2000000000000002
1305.5,0.015,801,99,1.2000000000000002
1306.0,0.015,801,98,1.8
1306.5,0.013,802,99,2.4000000000000004
1307.0,0.019,802,99,1.8
1307.5,0.018,802,99,2.4000000000000004
1308.0,0.016,803,99,2.4000000000000004
1308.5,0.016,803,100,2.4000000000000004
1309.0,0.016,803,100,1.8
1309.5,0.015,804,100,1.8
1310.0,0.015,804,99,1.8
1310.5,0.016,804,99,1.8
1311.0,0.018,804,99,1.8
1311.5,0.015,805,99,1.8
1312.0,0.016,805,100,1.8
1312.5,0.013,805,99,1.8
1313.0,0.016,806,100,2.4000000000000004
1313.5,0.016,806,100,2.4000000000000004
1314.0,0.016,806,100,1.8
1314.5,0.016,807,100,1.8
1315.0,0.016,807,100,1.2000000000000002
1315.5,0.015,807,100,1.2000000000000002
1316.0,0.016,808,100,1.2000000000000002
1316.5,0.016,808,101,1.2000000000000002
1317.0,0.018,808,100,1.8
1317.5,0.015,808,100,1.2000000000000002
1318.0,0.015,809,100,0.6000000000000001
1318.5,0.013,809,100,0.6000000000000001
1319.0,0.016,809,101,0.0
1319.5,0.015,810,101,0.0
1320.0,0.019,810,100,0.0
1320.5,0.015,810,100,0.0
1321.0,0.016,810,99,0.0
1321.5,0.015,811,99,0.0
1322.0,0.016,811,98,0.0
1322.5,0.016,811,98,0.0
1323.0,0.018,812,98,0.0
1323.5,0.015,812,98,0.0
1324.0,0.015,812,98,0.0
1324.5,0.015,813,98,0.0
1325.0,0.015,813,98,0.0
1325.5,0.016,813,98,0.0
1326.0,0.016,813,98,0.0
1326.5,0.015,814,98,0.0
1327.0,0.013,814,98,0.0
1327.5,0.015,814,98,0.0
1328.0,0.016,815,99,0.0
1328.5,0.016,815,99,0.0
1329.0,0.015,815,99,0.0
1329.5,0.016,816,100,0.0
1330.0,0.013,816,101,0.0
1330.5,0.015,816,101,0.0
1331.0,0.015,816,101,0.0
1331.5,0.015,817,101,0.0
1332.0,0.013,817,100,0.0
1332.5,0.015,817,100,0.0
1333.0,0.015,818,100,0.0
1333.5,0.016,818,100,0.0
1334.0,0.013,818,99,1.2000000000000002
1334.5,0.015,819,100,1.8
1335.0,0.013,819,100,2.4000000000000004
1335.5,0.015,819,101,2.4000000000000004
1336.0,0.013,819,100,1.8
1336.5,0.013,820,100,1.8
1337.0,0.013,820,99,1.2000000000000002
1337.5,0.015,820,99,1.2000000000000002
1338.0,0.013,821,99,1.8
1338.5,0.015,821,99,1.8
1339.0,0.013,821,99,1.8
1339.5,0.015,822,99,1.8
1340.0,0.013,822,100,2.4000000000000004
1340.5,0.015,822,100,2.4000000000000004
1341.0,0.015,822,100,2.4000000000000004
1341.5,0.015,823,100,2.4000000000000004
1342.0,0.013,823,100,1.8
1342.5,0.015,823,100,1.8
1343.0,0.013,824,100,1.8
1343.5,0.013,824,100,1.8
1344.0,0.013,824,100,1.8
1344.5,0.013,825,100,1.8
1345.0,0.013,825,100,1.8
1345.5,0.015,825,100,1.8
1346.0,0.016,826,100,1.8
1346.5,0.015,826,100,1.8
1347.0,0.013,826,100,1.2000000000000002
1347.5,0.015,826,100,1.2000000000000002
1348.0,0.013,827,101,1.2000000000000002
1348.5,0.016,827,100,1.2000000000000002
1349.0,0.013,827,100,1.2000000000000002
1349.5,0.011,828,101,1.8
1350.0,0.013,828,100,1.2000000000000002
1350.5,0.013,828,100,0.6000000000000001
1351.0,0.018,828,101,0.6000000000000001
1351.5,0.013,829,101,0.0
1352.0,0.013,829,101,0.0
1352.5,0.013,830,101,0.0
1353.0,0.013,830,100,0.0
1353.5,0.013,830,100,0.0
1354.0,0.016,831,99,0.0
1354.5,0.013,831,98,0.0
1355.0,0.011,831,98,0.0
1355.5,0.013,832,98,0.0
1356.0,0.015,832,98,0.0
1356.5,0.015,832,98,0.0
1357.0,0.016,832,98,0.0
1357.5,0.013,833,99,0.0
1358.0,0.011,833,99,0.0
1358.5,0.015,833,98,0.0
1359.0,0.013,834,99,0.0
1359.5,0.013,834,99,0.0
1360.0,0.015,834,99,0.0
1360.5,0.013,835,100,0.0
1361.0,0.011,835,99,0.0
1361.5,0.013,835,100,0.0
1362.0,0.015,835,101,0.0
1362.5,0.011,836,101,0.0
1363.0,0.013,836,101,0.0
1363.5,0.013,836,101,0.0
1364.0,0.013,837,101,0.0
1364.5,0.011,837,100,0.0
1365.0,0.013,837,100,0.0
1365.5,0.013,838,100,0.0
1366.0,0.013,838,100,0.6000000000000001
1366.5,0.013,838,100,1.8
1367.0,0.013,838,101,1.8
1367.5,0.013,839,101,1.8
1368.0,0.013,839,101,1.8
1368.5,0.011,839,100,1.2000000000000002
1369.0,0.013,840,100,1.2000000000000002
1369.5,0.013,840,99,1.2000000000000002
1370.0,0.011,840,99,1.2000000000000002
1370.5,0.013,841,99,1.2000000000000002
1371.0,0.013,841,99,1.8
1371.5,0.015,841,99,1.8
1372.0,0.011,841,100,1.8
1372.5,0.013,842,100,2.4000000000000004
1373.0,0.011,842,100,2.4000000000000004
1373.5,0.015,842,100,1.8
1374.0,0.013,843,100,1.8
1374.5,0.013,843,100,1.8
1375.0,0.013,843,100,1.2000000000000002
1375.5,0.013,844,100,1.8
1376.0,0.013,844,100,1.8
1376.5,0.013,844,99,2.4000000000000004
1377.0,0.011,846,100,1.2000000000000002
1377.5,0.015,846,100,1.2000000000000002
1378.0,0.015,846,101,1.2000000000000002
1378.5,0.011,847,101,1.2000000000000002
1379.0,0.011,847,100,1.2000000000000002
1379.5,0.013,847,100,1.2000000000000002
1380.0,0.011,847,101,1.2000000000000002
1380.5,0.013,848,100,0.6000000000000001
1381.0,0.011,848,100,0.0
1381.5,0.011,848,101,0.0
1382.0,0.011,849,101,0.0
1382.5,0.013,849,101,0.0
1383.0,0.011,849,100,0.0
1383.5,0.013,850,100,0.0
1384.0,0.013,850,99,0.0
1384.5,0.01,850,99,0.0
1385.0,0.011,851,98,0.0
1385.5,0.013,851,98,0.0
1386.0,0.013,851,98,0.0
1386.5,0.015,851,98,0.0
1387.0,0.015,852,98,0.0
1387.5,0.013,852,98,0.0
1388.0,0.013,852,99,0.0
1388.5,0.015,853,99,0.0
1389.0,0.011,853,98,0.0
1389.5,0.016,853,98,0.0
1390.0,0.013,853,99,0.0
1390.5,0.013,854,99,0.0
1391.0,0.013,854,99,0.0
1391.5,0.013,854,100,0.0
1392.0,0.015,855,100,0.0
1392.5,0.016,855,101,0.0
1393.0,0.015,855,101,0.0
1393.5,0.013,856,101,0.0
1394.0,0.011,856,101,0.0
1394.5,0.015,856,101,0.0
1395.0,0.013,856,101,0.0
1395.5,0.016,857,100,0.0
1396.0,0.013,857,100,0.0
1396.5,0.013,857,99,0.6000000000000001
1397.0,0.011,858,99,1.2000000000000002
1397.5,0.015,858,100,1.8
1398.0,0.013,858,100,1.8
1398.5,0.015,859,100,1.8
1399.0,0.016,859,100,1.2000000000000002
1399.5,0.013,859,99,1.2000000000000002
1400.0,0.013,859,99,1.2000000000000002
1400.5,0.013,860,99,1.2000000000000002
1401.0,0.013,860,99,1.2000000000000002
1401.5,0.016,860,99,1.8
1402.0,0.013,861,99,1.8
1402.5,0.015,861,99,1.8
1403.0,0.011,861,99,2.4000000000000004
1403.5,0.015,862,100,2.4000000000000004
1404.0,0.015,862,100,2.4000000000000004
1404.5,0.016,862,100,1.8
1405.0,0.013,862,100,1.8
1405.5,0.015,863,99,1.8
1406.0,0.013,863,99,1.8
1406.5,0.011,863,99,1.8
1407.0,0.013,864,99,2.4000000000000004
1407.5,0.015,864,99,1.8
1408.0,0.015,864,99,1.8
1408.5,0.013,865,100,1.8
1409.0,0.015,865,99,1.8
1409.5,0.013,865,100,1.8
1410.0,0.013,866,100,1.2000000000000002
1410.5,0.015,866,100,1.2000000000000002
1411.0,0.015,866,100,1.2000000000000002
1411.5,0.011,866,101,1.2000000000000002
1412.0,0.013,867,100,1.2000000000000002
1412.5,0.013,867,100,1.8
1413.0,0.013,867,100,1.2000000000000002
1413.5,0.013,868,100,0.6000000000000001
1414.0,0.016,868,100,0.0
1414.5,0.013,868,101,0.0
1415.0,0.013,869,100,0.0
1415.5,0.011,869,100,0.0
1416.0,0.013,869,99,0.0
1416.5,0.015,869,99,0.0
1417.0,0.016,870,99,0.0
1417.5,0.011,870,98,0.0
1418.0,0.015,870,98,0.0
1418.5,0.011,871,98,0.0
1419.0,0.013,871,98,0.0
1419.5,0.013,871,98,0.0
1420.0,0.015,871,98,0.0
1420.5,0.015,872,99,0.0
1421.0,0.015,872,99,0.0
1421.5,0.015,872,98,0.0
1422.0,0.013,873,99,0.0
1422.5,0.013,873,98,0.0
1423.0,0.016,873,99,0.0
1423.5,0.015,874,99,0.0
1424.0,0.015,874,99,0.0
1424.5,0.013,874,100,0.0
1425.0,0.013,874,101,0.0
1425.5,0.015,875,101,0.0
1426.0,0.016,875,101,0.0
1426.5,0.015,875,101,0.0
1427.0,0.015,876,100,0.0
1427.5,0.013,876,100,0.0
1428.0,0.015,876,101,0.0
1428.5,0.011,877,100,0.0
1429.0,0.015,877,100,0.0
1429.5,0.013,877,100,1.2000000000000002
1430.0,0.015,877,100,1.8
1430.5,0.015,878,100,1.8
1431.0,0.015,878,100,1.8
1431.5,0.013,878,100,1.8
1432.0,0.015,879,100,1.2000000000000002
1432.5,0.015,879,99,1.2000000000000002
1433.0,0.015,879,99,1.2000000000000002
1433.5,0.015,880,99,1.2000000000000002
1434.0,0.013,880,99,1.8
1434.5,0.013,880,99,1.8
1435.0,0.015,881,99,1.8
1435.5,0.015,881,99,2.4000000000000004
1436.0,0.016,881,100,2.4000000000000004
1436.5,0.015,881,100,2.4000000000000004
1437.0,0.013,882,100,1.8
1437.5,0.011,882,100,1.8
1438.0,0.013,882,100,1.8
1438.5,0.015,883,100,1.8
1439.0,0.016,883,99,1.8
1439.5,0.013,883,99,1.8
1440.0,0.011,883,99,1.8
1440.5,0.013,884,99,1.8
1441.0,0.011,884,100,1.8
1441.5,0.015,884,100,1.8
1442.0,0.013,885,99,1.8
1442.5,0.013,885,100,1.2000000000000002
1443.0,0.011,885,100,1.2000000000000002
1443.5,0.015,886,99,1.2000000000000002
1444.0,0.013,886,100,1.2000000000000002
1444.5,0.013,886,100,1.2000000000000002
1445.0,0.013,886,100,1.8
1445.5,0.013,887,99,1.2000000000000002
1446.0,0.011,887,100,0.6000000000000001
1446.5,0.013,887,100,0.6000000000000001
1447.0,0.015,888,100,0.0
1447.5,0.011,888,100,0.0
1448.0,0.013,888,100,0.0
1448.5,0.015,889,99,0.0
1449.0,0.011,889,99,0.0
1449.5,0.013,889,98,0.0
1450.0,0.013,890,98,0.0
1450.5,0.013,890,97,0.0
1451.0,0.013,890,98,0.0
1451.5,0.016,890,98,0.0
1452.0,0.013,891,98,0.0
1452.5,0.013,891,98,0.0
1453.0,0.013,891,98,0.0
1453.5,0.013,892,98,0.0
1454.0,0.013,892,98,0.0
1454.5,0.015,892,98,0.0
1455.0,0.013,892,98,0.0
1455.5,0.013,893,98,0.0
1456.0,0.013,893,98,0.0
1456.5,0.015,893,99,0.0
1457.0,0.015,894,99,0.0
1457.5,0.015,894,100,0.0
1458.0,0.015,894,100,0.0
1458.5,0.015,895,101,0.0
1459.0,0.013,895,101,0.0
1459.5,0.013,895,101,0.0
1460.0,0.013,895,100,0.0
1460.5,0.015,896,100,0.0
1461.0,0.015,896,100,0.0
1461.5,0.013,896,99,0.0
1462.0,0.013,897,99,0.6000000000000001
1462.5,0.015,897,99,1.8
1463.0,0.011,897,100,1.8
1463.5,0.013,898,100,1.8
1464.0,0.013,898,100,1.8
1464.5,0.016,898,100,1.8
1465.0,0.015,898,99,1.8
1465.5,0.013,899,99,1.2000000000000002
1466.0,0.013,899,99,1.2000000000000002
1466.5,0.015,899,98,1.2000000000000002
1467.0,0.011,900,99,1.8
1467.5,0.015,900,99,1.8
1468.0,0.013,900,99,1.8
1468.5,0.015,900,100,2.4000000000000004
1469.0,0.013,901,100,2.4000000000000004
1469.5,0.015,901,100,1.8
1470.0,0.013,901,100,1.8
1470.5,0.016,902,100,1.8
1471.0,0.015,902,100,1.8
1471.5,0.015,902,100,1.8
1472.0,0.013,903,99,1.8
1472.5,0.015,903,100,2.4000000000000004
1473.0,0.015,903,100,1.8
1473.5,0.015,904,100,1.8
1474.0,0.015,904,99,1.8
1474.5,0.013,904,100,1.8
1475.0,0.013,905,100,1.8
1475.5,0.015,905,100,1.2000000000000002
1476.0,0.015,905,100,1.2000000000000002
1476.5,0.013,905,100,1.2000000000000002
1477.0,0.013,906,100,1.2000000000000002
1477.5,0.015,906,100,1.2000000000000002
1478.0,0.015,906,100,1.8
1478.5,0.011,907,100,0.6000000000000001
1479.0,0.015,907,100,0.6000000000000001
1479.5,0.013,907,100,0.0
1480.0,0.015,907,101,0.0
1480.5,0.013,908,100,0.0
1481.0,0.015,908,100,0.0
1481.5,0.015,908,99,0.0
1482.0,0.013,909,99,0.0
1482.5,0.013,909,99,0.0
1483.0,0.015,909,98,0.0
1483.5,0.011,910,98,0.0
1484.0,0.013,910,98,0.0
1484.5,0.015,910,98,0.0
1485.0,0.013,910,98,0.0
1485.5,0.013,911,98,0.0
1486.0,0.016,911,99,0.0
1486.5,0.015,911,99,0.0
1487.0,0.015,912,98,0.0
1487.5,0.015,912,98,0.0
1488.0,0.013,912,99,0.0
1488.5,0.013,913,99,0.0
1489.0,0.016,913,99,0.0
1489.5,0.015,913,99,0.0
1490.0,0.015,913,100,0.0
1490.5,0.015,914,101,0.0
1491.0,0.015,914,101,0.0
1491.5,0.013,914,101,0.0
1492.0,0.016,915,101,0.0
1492.5,0.013,915,101,0.0
1493.0,0.015,915,101,0.0
1493.5,0.013,916,101,0.0
1494.0,0.015,916,100,0.0
1494.5,0.013,916,100,0.6000000000000001
1495.0,0.015,916,100,1.2000000000000002
1495.5,0.013,917,100,1.8
1496.0,0.016,917,101,1.8
1496.5,0.015,917,101,1.8
1497.0,0.015,918,100,1.8
1497.5,0.013,918,100,1.2000000000000002
1498.0,0.016,918,99,1.2000000000000002
1498.5,0.013,919,100,1.2000000000000002
1499.0,0.015,919,99,1.2000000000000002
1499.5,0.015,919,99,1.2000000000000002
1500.0,0.015,919,100,1.8
1500.5,0.011,920,100,1.8
1501.0,0.015,920,100,2.4000000000000004
1501.5,0.015,920,100,2.4000000000000004
1502.0,0.015,921,100,2.4000000000000004
1502.5,0.013,921,101,1.8
1503.0,0.011,921,100,1.8
1503.5,0.013,922,100,1.2000000000000002
1504.0,0.016,922,100,1.2000000000000002
1504.5,0.013,922,100,1.8
1505.0,0.013,923,100,2.4000000000000004
1505.5,0.013,923,99,1.8
1506.0,0.011,923,100,1.8
1506.5,0.013,923,100,1.8
1507.0,0.016,924,100,1.8
1507.5,0.013,924,100,1.2000000000000002
1508.0,0.011,924,101,1.2000000000000002
1508.5,0.016,925,100,1.2000000000000002
1509.0,0.011,925,100,1.2000000000000002
1509.5,0.015,925,100,1.2000000000000002
1510.0,0.018,926,100,1.2000000000000002
1510.5,0.013,926,100,1.2000000000000002
1511.0,0.011,926,100,0.6000000000000001
1511.5,0.013,926,100,0.6000000000000001
1512.0,0.013,927,101,0.6000000000000001
1512.5,0.013,927,101,0.0
1513.0,0.016,927,101,0.0
1513.5,0.013,928,100,0.0
1514.0,0.013,928,100,0.0
1514.5,0.015,928,99,0.0
1515.0,0.013,929,99,0.0
1515.5,0.011,929,98,0.0
1516.0,0.016,929,98,0.0
1516.5,0.015,929,98,0.0
1517.0,0.013,930,98,0.0
1517.5,0.013,930,98,0.0
1518.0,0.013,930,98,0.0
1518.5,0.011,931,99,0.0
1519.0,0.015,931,99,0.0
1519.5,0.013,931,98,0.0
1520.0,0.011,932,98,0.0
1520.5,0.015,932,98,0.0
1521.0,0.011,932,99,0.0
1521.5,0.013,932,99,0.0
1522.0,0.013,933,99,0.0
1522.5,0.015,933,100,0.0
1523.0,0.013,933,100,0.0
1523.5,0.015,934,101,0.0
1524.0,0.013,934,101,0.0
1524.5,0.011,934,101,0.0
1525.0,0.013,935,100,0.0
1525.5,0.015,935,100,0.0
1526.0,0.011,935,100,0.0
1526.5,0.016,935,100,0.0
1527.0,0.013,936,100,0.0
1527.5,0.013,936,99,1.2000000000000002
1528.0,0.013,936,100,1.8
1528.5,0.013,937,101,1.8
1529.0,0.011,937,100,1.8
1529.5,0.018,937,100,1.2000000000000002
1530.0,0.015,938,100,1.2000000000000002
1530.5,0.013,938,99,1.2000000000000002
1531.0,0.013,938,99,1.2000000000000002
1531.5,0.015,938,99,1.2000000000000002
1532.0,0.013,939,99,1.8
1532.5,0.016,939,99,1.8
1533.0,0.015,939,100,1.8
1533.5,0.013,940,100,2.4000000000000004
1534.0,0.015,940,100,2.4000000000000004
1534.5,0.013,940,100,2.4000000000000004
1535.0,0.013,941,100,1.8
1535.5,0.018,941,100,1.2000000000000002
1536.0,0.015,941,100,1.8
1536.5,0.013,941,100,1.2000000000000002
1537.0,0.013,942,100,1.8
1537.5,0.015,942,100,1.8
1538.0,0.013,942,100,1.8
1538.5,0.018,943,100,1.8
1539.0,0.016,943,100,1.8
1539.5,0.013,943,100,1.8
1540.0,0.013,944,100,1.2000000000000002
1540.5,0.013,944,100,1.2000000000000002
1541.0,0.013,944,101,1.2000000000000002
1541.5,0.016,944,100,0.6000000000000001
1542.0,0.015,945,100,1.2000000000000002
1542.5,0.013,945,100,1.2000000000000002
1543.0,0.015,945,100,1.8
1543.5,0.015,946,100,1.2000000000000002
1544.0,0.013,946,100,0.6000000000000001
1544.5,0.016,946,101,0.6000000000000001
1545.0,0.015,947,101,0.0
1545.5,0.015,947,101,0.0
1546.0,0.011,947,100,0.0
1546.5,0.013,948,100,0.0
1547.0,0.015,948,99,0.0
1547.5,0.016,948,99,0.0
1548.0,0.015,948,98,0.0
1548.5,0.015,949,98,0.0
1549.0,0.013,949,98,0.0
1549.5,0.013,949,98,0.0
1550.0,0.011,950,98,0.0
1550.5,0.016,950,98,0.0
1551.0,0.013,950,99,0.0
1551.5,0.016,950,99,0.0
1552.0,0.013,951,98,0.0
1552.5,0.015,951,99,0.0
1553.0,0.013,951,98,0.0
1553.5,0.016,952,99,0.0
1554.0,0.015,952,99,0.0
1554.5,0.013,952,99,0.0
1555.0,0.013,953,99,0.0
1555.5,0.013,953,101,0.0
1556.0,0.015,953,101,0.0
1556.5,0.016,954,101,0.0
1557.0,0.013,954,101,0.0
1557.5,0.013,954,100,0.0
1558.0,0.015,954,100,0.0
1558.5,0.013,955,100,0.0
1559.0,0.013,955,100,0.0
1559.5,0.013,955,99,0.0
1560.0,0.015,956,99,1.2000000000000002
1560.5,0.015,956,100,1.8
1561.0,0.015,956,100,1.8
1561.5,0.013,956,100,1.8
1562.0,0.015,957,100,1.8
1562.5,0.013,957,100,1.2000000000000002
1563.0,0.015,957,99,1.2000000000000002
1563.5,0.013,958,99,1.2000000000000002
1564.0,0.015,958,99,1.2000000000000002
1564.5,0.016,958,99,1.8
1565.0,0.015,959,99,1.8
1565.5,0.013,959,99,1.8
1566.0,0.015,959,99,2.4000000000000004
1566.5,0.013,959,100,2.4000000000000004
1567.0,0.015,960,100,2.4000000000000004
1567.5,0.013,960,100,2.4000000000000004
1568.0,0.013,960,100,1.8
1568.5,0.013,961,100,1.8
1569.0,0.015,961,100,1.8
1569.5,0.013,961,100,1.8
1570.0,0.015,962,99,2.4000000000000004
1570.5,0.013,962,99,1.8
1571.0,0.013,962,99,1.8
1571.5,0.013,963,99,1.8
1572.0,0.013,963,100,1.8
1572.5,0.013,963,99,1.8
1573.0,0.015,963,99,1.2000000000000002
1573.5,0.015,964,100,1.2000000000000002
1574.0,0.015,964,100,1.2000000000000002
1574.5,0.011,964,100,1.2000000000000002
1575.0,0.016,965,100,1.2000000000000002
1575.5,0.015,965,100,1.8
1576.0,0.016,965,99,1.2000000000000002
1576.5,0.011,965,99,0.6000000000000001
1577.0,0.015,966,100,0.6000000000000001
1577.5,0.013,966,100,0.0
1578.0,0.016,966,100,0.0
1578.5,0.013,967,100,0.0
1579.0,0.016,967,99,0.0
1579.5,0.013,967,99,0.0
1580.0,0.013,968,98,0.0
1580.5,0.011,968,98,0.0
1581.0,0.015,968,98,0.6000000000000001
1581.5,0.013,968,98,0.0
1582.0,0.016,969,98,0.0
1582.5,0.013,969,98,0.0
1583.0,0.013,969,98,0.0
1583.5,0.011,970,98,0.0
1584.0,0.013,970,98,0.0
1584.5,0.015,970,98,0.0
1585.0,0.013,971,98,0.0
1585.5,0.013,971,98,0.0
1586.0,0.013,971,98,0.0
1586.5,0.015,971,98,0.0
1587.0,0.013,972,99,0.0
1587.5,0.015,972,99,0.0
1588.0,0.015,972,100,0.0
1588.5,0.013,973,100,0.0
1589.0,0.011,973,101,0.0
1589.5,0.013,973,100,0.0
1590.0,0.015,973,100,0.0
1590.5,0.015,974,100,0.0
1591.0,0.015,974,100,0.0
1591.5,0.013,974,100,0.0
1592.0,0.011,975,99,0.0
1592.5,0.013,975,99,0.6000000000000001
1593.0,0.015,975,99,1.8
1593.5,0.015,976,100,2.4000000000000004
1594.0,0.013,976,100,1.8
1594.5,0.013,976,100,1.8
1595.0,0.013,977,99,1.8
1595.5,0.015,977,99,1.2000000000000002
1596.0,0.013,977,98,1.2000000000000002
1596.5,0.015,977,99,1.2000000000000002
1597.0,0.013,978,98,1.8
1597.5,0.015,978,98,1.8
1598.0,0.013,978,99,1.8
1598.5,0.015,979,99,1.8
1599.0,0.015,979,99,2.4000000000000004
1599.5,0.013,979,100,2.4000000000000004
1600.0,0.013,980,100,2.4000000000000004
1600.5,0.015,980,100,2.4000000000000004
1601.0,0.013,980,100,1.8
1601.5,0.015,980,100,1.8
1602.0,0.015,981,100,1.8
1602.5,0.013,981,100,1.8
1603.0,0.013,981,100,2.4000000000000004
1603.5,0.015,982,100,1.8
1604.0,0.013,982,100,1.8
1604.5,0.016,982,100,1.8
1605.0,0.013,983,100,1.8
1605.5,0.013,983,100,1.8
1606.0,0.013,983,100,1.2000000000000002
1606.5,0.015,985,100,1.2000000000000002
1607.0,0.011,985,100,0.6000000000000001
1607.5,0.016,985,100,0.6000000000000001
1608.0,0.013,986,100,0.0
1608.5,0.016,986,101,0.0
1609.0,0.011,986,100,0.0
1609.5,0.013,986,100,0.0
1610.0,0.011,987,99,0.0
1610.5,0.018,987,99,0.0
1611.0,0.013,987,98,0.0
1611.5,0.015,988,98,0.0
1612.0,0.013,988,98,0.0
1612.5,0.011,988,98,0.0
1613.0,0.011,989,98,0.0
1613.5,0.015,989,98,0.0
1614.0,0.011,989,98,0.0
1614.5,0.013,989,98,0.0
1615.0,0.013,990,98,0.0
1615.5,0.011,990,98,0.0
1616.0,0.013,990,98,0.0
1616.5,0.016,991,98,0.0
1617.0,0.013,991,99,0.0
1617.5,0.011,991,99,0.0
1618.0,0.013,992,99,0.0
1618.5,0.013,992,100,0.0
1619.0,0.013,992,100,0.0
1619.5,0.016,992,100,0.0
1620.0,0.015,993,101,0.0
1620.5,0.013,993,100,0.0
1621.0,0.013,993,100,0.0
1621.5,0.011,994,100,0.0
1622.0,0.013,994,100,0.0
1622.5,0.013,994,100,0.0
1623.0,0.013,995,99,0.0
1623.5,0.013,995,99,1.2000000000000002
1624.0,0.013,995,100,1.8
1624.5,0.011,995,100,2.4000000000000004
1625.0,0.013,996,100,1.8
1625.5,0.013,996,100,1.2000000000000002
1626.0,0.015,996,99,1.2000000000000002
1626.5,0.011,997,99,1.2000000000000002
1627.0,0.013,997,99,1.2000000000000002
1627.5,0.011,997,99,1.2000000000000002
1628.0,0.013,997,98,1.8
1628.5,0.013,998,99,1.8
1629.0,0.013,998,99,2.4000000000000004
1629.5,0.011,998,99,2.4000000000000004
1630.0,0.015,999,99,2.4000000000000004
1630.5,0.011,999,100,2.4000000000000004
1631.0,0.013,999,100,1.8
1631.5,0.013,1000,100,1.8
1632.0,0.011,1000,99,1.8
1632.5,0.011,1000,99,1.8
1633.0,0.015,1001,99,1.8
1633.5,0.011,1001,99,2.4000000000000004
1634.0,0.013,1001,99,1.8
1634.5,0.013,1001,99,1.8
1635.0,0.013,1002,100,1.8
1635.5,0.013,1002,100,1.8
1636.0,0.015,1002,100,1.8
1636.5,0.013,1003,100,1.2000000000000002
1637.0,0.013,1003,100,1.2000000000000002
1637.5,0.013,1003,100,1.2000000000000002
1638.0,0.013,1004,101,1.2000000000000002
1638.5,0.013,1004,101,1.8
1639.0,0.015,1004,100,1.8
1639.5,0.011,1004,100,1.2000000000000002
1640.0,0.013,1005,100,0.6000000000000001
1640.5,0.011,1005,100,0.0
1641.0,0.013,1005,101,0.0
1641.5,0.011,1006,101,0.0
1642.0,0.016,1006,100,0.0
1642.5,0.011,1006,100,0.0
1643.0,0.013,1007,99,0.0
1643.5,0.011,1007,99,0.0
1644.0,0.011,1007,98,0.0
1644.5,0.011,1007,98,0.0
1645.0,0.016,1008,98,0.0
1645.5,0.011,1008,98,0.0
1646.0,0.011,1008,98,0.0
1646.5,0.013,1009,98,0.0
1647.0,0.013,1009,98,0.0
1647.5,0.011,1009,98,0.0
1648.0,0.013,1010,98,0.0
1648.5,0.011,1010,98,0.0
1649.0,0.01,1010,98,0.0
1649.5,0.013,1010,98,0.0
1650.0,0.011,1011,99,0.0
1650.5,0.011,1011,99,0.0
1651.0,0.013,1011,99,0.0
1651.5,0.013,1012,100,0.0
1652.0,0.011,1012,101,0.0
1652.5,0.011,1012,101,0.0
1653.0,0.013,1012,101,0.0
1653.5,0.01,1013,101,0.0
1654.0,0.013,1013,100,0.0
1654.5,0.01,1013,100,0.0
1655.0,0.011,1014,100,0.0
1655.5,0.011,1014,99,0.0
1656.0,0.011,1014,99,1.2000000000000002
1656.5,0.011,1015,100,1.8
1657.0,0.013,1015,100,2.4000000000000004
1657.5,0.011,1015,100,1.8
1658.0,0.013,1016,100,1.8
1658.5,0.013,1016,100,1.2000000000000002
1659.0,0.013,1016,99,1.2000000000000002
1659.5,0.013,1016,99,1.2000000000000002
1660.0,0.013,1017,99,1.8
1660.5,0.013,1017,99,1.8
1661.0,0.01,1017,99,1.8
1661.5,0.015,1018,99,1.8
1662.0,0.011,1018,100,2.4000000000000004
1662.5,0.013,1018,100,2.4000000000000004
1663.0,0.013,1018,100,2.4000000000000004
1663.5,0.013,1019,100,2.4000000000000004
1664.0,0.011,1019,100,1.8
1664.5,0.016,1019,100,1.8
1665.0,0.011,1020,100,1.2000000000000002
1665.5,0.013,1020,100,1.8
1666.0,0.011,1020,100,1.8
1666.5,0.013,1021,100,1.8
1667.0,0.011,1021,100,1.8
1667.5,0.016,1021,100,1.8
1668.0,0.011,1022,100,1.8
1668.5,0.013,1022,100,1.8
1669.0,0.011,1022,100,1.2000000000000002
1669.5,0.013,1022,101,1.2000000000000002
1670.0,0.011,1023,100,1.2000000000000002
1670.5,0.016,1023,100,1.2000000000000002
1671.0,0.013,1023,101,1.2000000000000002
1671.5,0.011,1024,100,1.2000000000000002
1672.0,0.011,1024,100,1.2000000000000002
1672.5,0.013,1024,100,0.6000000000000001
1673.0,0.011,1025,100,0.6000000000000001
1673.5,0.015,1025,101,0.0
1674.0,0.011,1025,101,0.0
1674.5,0.013,1025,101,0.0
1675.0,0.011,1026,100,0.0
1675.5,0.013,1026,100,0.0
1676.0,0.011,1026,99,0.0
1676.5,0.016,1027,99,0.0
1677.0,0.011,1027,98,0.6000000000000001
1677.5,0.013,1027,98,0.0
1678.0,0.011,1028,98,0.0
1678.5,0.015,1028,98,0.0
1679.0,0.011,1028,98,0.0
1679.5,0.016,1028,99,0.0
1680.0,0.013,1029,99,0.0
1680.5,0.013,1029,99,0.0
1681.0,0.013,1029,98,0.0
1681.5,0.015,1030,98,0.0
1682.0,0.011,1030,99,0.0
1682.5,0.016,1030,99,0.0
1683.0,0.013,1031,99,0.0
1683.5,0.015,1031,99,0.0
1684.0,0.015,1031,100,0.0
1684.5,0.016,1031,101,0.0
1685.0,0.011,1032,101,0.0
1685.5,0.016,1032,101,0.0
1686.0,0.011,1032,101,0.0
1686.5,0.013,1033,100,0.0
1687.0,0.011,1033,100,0.0
1687.5,0.013,1033,100,0.0
1688.0,0.011,1034,100,0.0
1688.5,0.013,1034,99,1.2000000000000002
1689.0,0.013,1034,99,1.8
1689.5,0.013,1034,100,2.4000000000000004
1690.0,0.015,1035,100,1.8
1690.5,0.013,1035,100,1.8
1691.0,0.013,1035,100,1.8
1691.5,0.013,1036,99,1.2000000000000002
1692.0,0.013,1036,99,1.2000000000000002
1692.5,0.011,1036,99,1.2000000000000002
1693.0,0.015,1036,99,1.8
1693.5,0.011,1037,99,1.8
1694.0,0.015,1037,99,1.8
1694.5,0.013,1037,100,2.4000000000000004
1695.0,0.013,1038,100,2.4000000000000004
1695.5,0.013,1038,100,2.4000000000000004
1696.0,0.015,1038,100,2.4000000000000004
1696.5,0.013,1039,100,1.8
1697.0,0.013,1039,100,1.8
1697.5,0.013,1039,100,1.8
1698.0,0.015,1040,100,1.8
1698.5,0.013,1040,100,1.8
1699.0,0.015,1040,99,2.4000000000000004
1699.5,0.011,1040,100,1.8
1700.0,0.013,1041,100,1.8
1700.5,0.011,1041,100,1.8
1701.0,0.016,1041,100,1.8
1701.5,0.013,1042,100,1.2000000000000002
1702.0,0.016,1042,100,1.2000000000000002
1702.5,0.013,1042,100,1.2000000000000002
1703.0,0.013,1043,100,1.2000000000000002
1703.5,0.011,1043,100,1.2000000000000002
1704.0,0.015,1043,100,1.2000000000000002
1704.5,0.013,1043,100,1.8
1705.0,0.018,1044,100,0.6000000000000001
1705.5,0.011,1044,100,0.6000000000000001
1706.0,0.015,1044,100,0.6000000000000001
1706.5,0.011,1045,101,0.0
1707.0,0.015,1045,100,0.0
1707.5,0.013,1045,100,0.0
1708.0,0.015,1046,99,0.0
1708.5,0.013,1046,99,0.0
1709.0,0.013,1046,98,0.0
1709.5,0.011,1046,98,0.0
1710.0,0.015,1047,98,0.0
1710.5,0.015,1047,98,0.0
1711.0,0.015,1047,98,0.0
1711.5,0.013,1048,98,0.0
1712.0,0.013,1048,98,0.0
1712.5,0.013,1048,99,0.0
1713.0,0.016,1049,99,0.0
1713.5,0.013,1049,98,0.0
1714.0,0.015,1049,98,0.0
1714.5,0.015,1049,98,0.0
1715.0,0.013,1050,99,0.0
1715.5,0.015,1050,99,0.0
1716.0,0.016,1050,99,0.0
1716.5,0.015,1051,100,0.0
1717.0,0.015,1051,100,0.0
1717.5,0.015,1051,101,0.0
1718.0,0.011,1051,101,0.0
1718.5,0.013,1052,101,0.0
1719.0,0.015,1052,100,0.0
1719.5,0.016,1052,100,0.0
1720.0,0.015,1053,100,0.0
1720.5,0.013,1053,100,0.0
1721.0,0.013,1053,99,0.0
1721.5,0.013,1054,99,1.8
1722.0,0.015,1054,100,2.4000000000000004
1722.5,0.015,1054,100,2.4000000000000004
1723.0,0.016,1055,100,1.8
1723.5,0.013,1055,100,1.8
1724.0,0.011,1055,100,1.2000000000000002
1724.5,0.013,1055,99,1.2000000000000002
1725.0,0.013,1057,100,2.4000000000000004
1725.5,0.013,1058,100,2.4000000000000004
1726.0,0.015,1058,100,2.4000000000000004
1726.5,0.015,1058,100,1.8
1727.0,0.015,1058,100,1.8
1727.5,0.013,1059,100,1.2000000000000002
1728.0,0.015,1059,100,1.2000000000000002
1728.5,0.013,1059,100,1.8
1729.0,0.015,1060,100,1.8
1729.5,0.013,1060,100,1.8
1730.0,0.015,1060,100,1.8
1730.5,0.015,1061,100,1.8
1731.0,0.015,1061,100,1.8
1731.5,0.015,1061,100,1.8
1732.0,0.016,1061,101,1.2000000000000002
1732.5,0.015,1062,100,1.2000000000000002
1733.0,0.016,1062,100,1.2000000000000002
1733.5,0.013,1062,101,1.2000000000000002
1734.0,0.015,1063,100,1.2000000000000002
1734.5,0.015,1063,100,1.8
1735.0,0.015,1063,100,1.2000000000000002
1735.5,0.016,1064,100,0.6000000000000001
1736.0,0.015,1064,101,0.0
1736.5,0.015,1064,101,0.0
1737.0,0.016,1065,101,0.0
1737.5,0.015,1065,101,0.0
1738.0,0.016,1065,100,0.0
1738.5,0.015,1065,100,0.0
1739.0,0.015,1066,99,0.0
1739.5,0.015,1066,98,0.0
1740.0,0.016,1066,98,0.0
1740.5,0.015,1067,98,0.0
1741.0,0.016,1067,98,0.0
1741.5,0.015,1067,98,0.0
1742.0,0.015,1067,98,0.0
1742.5,0.013,1068,99,0.0
1743.0,0.018,1068,99,0.0
1743.5,0.015,1068,98,0.0
1744.0,0.015,1069,99,0.0
1744.5,0.013,1069,98,0.0
1745.0,0.016,1069,99,0.0
1745.5,0.015,1070,99,0.0
1746.0,0.015,1070,99,0.0
1746.5,0.016,1070,101,0.0
1747.0,0.016,1071,101,0.0
1747.5,0.016,1071,101,0.0
1748.0,0.015,1071,101,0.0
1748.5,0.013,1072,100,0.0
1749.0,0.016,1072,100,0.0
1749.5,0.015,1072,100,0.0
1750.0,0.015,1073,100,0.0
1750.5,0.016,1073,100,0.0
1751.0,0.015,1073,99,1.2000000000000002
1751.5,0.016,1074,100,1.8
1752.0,0.016,1074,100,2.4000000000000004
1752.5,0.015,1074,100,1.8
1753.0,0.015,1074,100,1.8
1753.5,0.016,1075,100,1.2000000000000002
1754.0,0.015,1075,99,1.2000000000000002
1754.5,0.016,1075,99,1.2000000000000002
1755.0,0.015,1076,99,1.2000000000000002
1755.5,0.016,1076,99,1.8
1756.0,0.016,1076,99,1.8
1756.5,0.016,1076,99,1.8
1757.0,0.015,1077,99,2.4000000000000004
1757.5,0.018,1077,100,2.4000000000000004
1758.0,0.015,1077,100,2.4000000000000004
1758.5,0.015,1078,100,1.8
1759.0,0.016,1078,100,1.8
1759.5,0.016,1078,100,1.8
1760.0,0.015,1079,100,1.8
1760.5,0.019,1079,99,1.8
1761.0,0.016,1079,100,2.4000000000000004
1761.5,0.013,1080,100,1.8
1762.0,0.016,1080,99,1.8
1762.5,0.016,1080,100,1.8
1763.0,0.015,1080,100,1.8
1763.5,0.019,1081,100,1.8
1764.0,0.016,1081,100,1.2000000000000002
1764.5,0.013,1081,101,1.2000000000000002
1765.0,0.016,1082,100,1.2000000000000002
1765.5,0.018,1082,100,1.2000000000000002
1766.0,0.015,1082,100,1.2000000000000002
1766.5,0.018,1083,100,1.8
1767.0,0.016,1083,100,1.2000000000000002
1767.5,0.015,1083,100,0.6000000000000001
1768.0,0.016,1083,100,0.6000000000000001
1768.5,0.018,1084,101,0.0
1769.0,0.015,1084,101,0.0
1769.5,0.016,1084,100,0.0
1770.0,0.018,1085,100,0.0
1770.5,0.015,1085,99,0.0
1771.0,0.016,1085,99,0.0
1771.5,0.016,1085,98,0.0
1772.0,0.016,1086,98,0.0
1772.5,0.015,1086,98,0.0
1773.0,0.018,1086,98,0.0
1773.5,0.015,1087,98,0.0
1774.0,0.018,1087,98,0.0
1774.5,0.018,1087,99,0.0
1775.0,0.015,1088,99,0.0
1775.5,0.016,1088,98,0.0
1776.0,0.018,1088,98,0.0
1776.5,0.013,1089,98,0.0
1777.0,0.016,1089,98,0.0
1777.5,0.018,1089,99,0.0
1778.0,0.015,1089,100,0.0
1778.5,0.015,1090,99,0.0
1779.0,0.018,1090,100,0.0
1779.5,0.013,1090,101,0.0
1780.0,0.018,1091,101,0.0
1780.5,0.016,1091,101,0.0
1781.0,0.015,1091,101,0.0
1781.5,0.015,1091,100,0.0
1782.0,0.018,1092,100,0.0
1782.5,0.013,1092,100,0.0
1783.0,0.018,1092,99,0.0
1783.5,0.015,1093,99,1.2000000000000002
1784.0,0.015,1093,99,1.8
1784.5,0.015,1093,100,1.8
1785.0,0.018,1094,100,1.8
1785.5,0.016,1094,100,1.8
1786.0,0.018,1094,99,1.2000000000000002
1786.5,0.016,1095,99,1.2000000000000002
1787.0,0.018,1095,99,1.2000000000000002
1787.5,0.015,1095,99,1.2000000000000002
1788.0,0.018,1095,98,1.8
1788.5,0.016,1096,99,1.8
1789.0,0.018,1096,99,1.8
1789.5,0.018,1096,99,2.4000000000000004
1790.0,0.016,1097,99,2.4000000000000004
1790.5,0.016,1097,100,2.4000000000000004
1791.0,0.018,1097,100,2.4000000000000004
1791.5,0.015,1098,100,1.8
1792.0,0.016,1098,99,1.8
1792.5,0.016,1098,99,1.8
1793.0,0.015,1098,99,1.8
1793.5,0.015,1099,99,1.8
1794.0,0.016,1099,99,1.8
1794.5,0.016,1099,100,1.8
1795.0,0.016,1100,99,1.8
1795.5,0.016,1100,99,1.8
1796.0,0.015,1100,100,1.8
1796.5,0.015,1100,100,1.2000000000000002
1797.0,0.016,1101,100,1.2000000000000002
1797.5,0.015,1101,100,0.6000000000000001
1798.0,0.015,1101,100,1.2000000000000002
1798.5,0.015,1102,100,1.2000000000000002
1799.0,0.015,1102,100,1.2000000000000002
1799.5,0.015,1102,100,1.2000000000000002
1800.0,0.016,1103,100,0.6000000000000001
1800.5,0.016,1103,100,0.6000000000000001
1801.0,0.013,1103,100,0.6000000000000001
1801.5,0.016,1104,101,0.0
1802.0,0.015,1104,100,0.0
1802.5,0.018,1104,100,0.0
1803.0,0.013,1104,99,0.0
1803.5,0.015,1105,99,0.0
1804.0,0.015,1105,98,0.0
1804.5,0.018,1105,98,0.0
1805.0,0.015,1106,98,0.0
1805.5,0.015,1106,98,0.0
1806.0,0.015,1106,98,0.0
1806.5,0.015,1106,98,0.0
1807.0,0.015,1107,98,0.0
1807.5,0.018,1107,99,0.0
1808.0,0.016,1107,99,0.0
1808.5,0.015,1108,98,0.0
1809.0,0.016,1108,99,0.0
1809.5,0.015,1108,98,0.0
1810.0,0.015,1109,99,0.0
1810.5,0.018,1109,99,0.0
1811.0,0.016,1109,100,0.0
1811.5,0.015,1109,100,0.0
1812.0,0.016,1110,100,0.0
1812.5,0.016,1110,101,0.0
1813.0,0.015,1110,101,0.0
1813.5,0.015,1111,101,0.0
1814.0,0.016,1111,101,0.0
1814.5,0.013,1111,100,0.0
1815.0,0.015,1112,100,0.0
1815.5,0.016,1112,100,0.0
1816.0,0.015,1112,99,1.2000000000000002
1816.5,0.016,1112,99,1.8
1817.0,0.016,1113,100,1.8
1817.5,0.015,1113,100,1.8
1818.0,0.015,1113,100,1.8
1818.5,0.015,1114,100,1.8
1819.0,0.015,1114,100,1.2000000000000002
1819.5,0.016,1114,99,1.2000000000000002
1820.0,0.015,1115,99,1.2000000000000002
1820.5,0.016,1115,99,1.8
1821.0,0.016,1115,99,1.8
1821.5,0.016,1115,99,1.8
1822.0,0.013,1116,100,2.4000000000000004
1822.5,0.016,1116,100,2.4000000000000004
1823.0,0.016,1116,100,2.4000000000000004
1823.5,0.018,1117,100,2.4000000000000004
1824.0,0.016,1117,100,1.8
1824.5,0.016,1117,100,1.8
1825.0,0.015,1118,100,1.8
1825.5,0.018,1118,100,1.8
1826.0,0.015,1118,100,1.8
1826.5,0.016,1119,100,2.4000000000000004
1827.0,0.015,1119,100,1.8
1827.5,0.015,1119,100,1.8
1828.0,0.015,1119,100,1.8
1828.5,0.021,1120,100,1.8
1829.0,0.015,1120,100,1.8
1829.5,0.016,1120,100,1.2000000000000002
1830.0,0.015,1121,100,1.2000000000000002
1830.5,0.015,1121,101,1.2000000000000002
1831.0,0.015,1121,101,1.2000000000000002
1831.5,0.018,1122,100,1.2000000000000002
1832.0,0.015,1122,100,1.2000000000000002
1832.5,0.015,1122,100,0.6000000000000001
1833.0,0.016,1122,100,0.6000000000000001
1833.5,0.016,1123,101,0.0
1834.0,0.016,1123,101,0.0
1834.5,0.018,1123,101,0.0
1835.0,0.016,1124,100,0.0
1835.5,0.015,1124,100,0.0
1836.0,0.016,1124,99,0.0
1836.5,0.015,1125,99,0.0
1837.0,0.015,1125,98,0.0
1837.5,0.018,1125,98,0.0
1838.0,0.016,1125,98,0.0
1838.5,0.015,1126,98,0.0
1839.0,0.016,1126,98,0.0
1839.5,0.015,1126,98,0.0
1840.0,0.016,1127,98,0.0
1840.5,0.016,1127,99,0.0
1841.0,0.018,1127,99,0.0
1841.5,0.015,1128,98,0.0
1842.0,0.018,1128,98,0.0
1842.5,0.016,1128,99,0.0
1843.0,0.015,1128,99,0.0
1843.5,0.016,1129,99,0.0
1844.0,0.016,1129,100,0.0
1844.5,0.015,1129,100,0.0
1845.0,0.016,1130,100,0.0
1845.5,0.015,1130,101,0.0
1846.0,0.015,1130,101,0.0
1846.5,0.015,1131,100,0.0
1847.0,0.019,1131,100,0.0
1847.5,0.015,1131,100,0.0
1848.0,0.015,1131,100,0.0
1848.5,0.015,1132,99,0.0
1849.0,0.015,1132,99,1.2000000000000002
1849.5,0.016,1132,100,1.8
1850.0,0.016,1133,100,1.8
1850.5,0.015,1133,100,1.8
1851.0,0.016,1133,100,1.8
1851.5,0.016,1134,99,1.2000000000000002
1852.0,0.016,1134,99,1.2000000000000002
1852.5,0.015,1134,99,1.2000000000000002
1853.0,0.016,1134,99,1.8
1853.5,0.016,1135,99,1.8
1854.0,0.016,1135,99,1.8
1854.5,0.016,1135,99,1.8
1855.0,0.018,1136,99,2.4000000000000004
1855.5,0.016,1136,100,2.4000000000000004
1856.0,0.018,1136,100,2.4000000000000004
1856.5,0.015,1137,100,1.8
1857.0,0.018,1137,99,1.8
1857.5,0.016,1137,99,1.8
1858.0,0.016,1137,99,1.8
1858.5,0.015,1138,99,1.8
1859.0,0.016,1138,99,2.4000000000000004
1859.5,0.016,1138,99,1.8
1860.0,0.021,1139,99,1.8
1860.5,0.015,1139,99,1.8
1861.0,0.016,1139,99,1.8
1861.5,0.016,1139,99,1.8
1862.0,0.016,1140,100,1.2000000000000002
1862.5,0.016,1140,100,1.2000000000000002
1863.0,0.019,1140,100,1.2000000000000002
1863.5,0.016,1141,100,1.2000000000000002
1864.0,0.015,1141,100,1.2000000000000002
1864.5,0.015,1141,99,1.8
1865.0,0.018,1142,100,1.2000000000000002
1865.5,0.015,1143,100,0.6000000000000001
1866.0,0.015,1143,100,0.0
1866.5,0.016,1143,100,0.0
1867.0,0.016,1144,99,0.0
1867.5,0.016,1144,99,0.0
1868.0,0.018,1144,98,0.0
1868.5,0.015,1145,98,0.0
1869.0,0.016,1145,98,0.0
1869.5,0.016,1145,98,0.0
1870.0,0.016,1145,98,0.0
1870.5,0.016,1146,98,0.0
1871.0,0.016,1146,98,0.0
1871.5,0.018,1146,98,0.0
1872.0,0.018,1147,98,0.0
1872.5,0.016,1147,98,0.0
1873.0,0.016,1147,99,0.0
1873.5,0.016,1148,98,0.0
1874.0,0.018,1148,99,0.0
1874.5,0.016,1148,99,0.0
1875.0,0.018,1148,99,0.0
1875.5,0.016,1149,100,0.0
1876.0,0.016,1149,101,0.0
1876.5,0.016,1149,100,0.0
1877.0,0.018,1150,101,0.0
1877.5,0.015,1150,101,0.0
1878.0,0.016,1150,100,0.0
1878.5,0.016,1151,100,0.0
1879.0,0.016,1151,100,0.0
1879.5,0.016,1151,99,0.0
1880.0,0.018,1151,99,1.2000000000000002
1880.5,0.016,1152,100,1.8
1881.0,0.016,1152,100,1.8
1881.5,0.016,1152,100,1.8
1882.0,0.015,1153,100,1.8
1882.5,0.015,1153,100,1.2000000000000002
1883.0,0.016,1153,99,1.2000000000000002
1883.5,0.015,1154,99,1.2000000000000002
1884.0,0.016,1154,99,1.2000000000000002
1884.5,0.018,1154,99,1.8
1885.0,0.016,1154,99,1.8
1885.5,0.015,1155,99,1.8
1886.0,0.016,1155,100,2.4000000000000004
1886.5,0.015,1155,100,2.4000000000000004
1887.0,0.018,1156,100,2.4000000000000004
1887.5,0.015,1156,100,2.4000000000000004
1888.0,0.016,1156,100,2.4000000000000004
1888.5,0.015,1157,100,1.8
1889.0,0.016,1157,100,1.8
1889.5,0.015,1157,99,1.8
1890.0,0.018,1158,99,1.8
1890.5,0.015,1158,100,1.8
1891.0,0.015,1158,99,1.8
1891.5,0.015,1158,100,1.8
1892.0,0.016,1159,100,1.8
1892.5,0.016,1159,100,1.8
1893.0,0.019,1159,100,1.2000000000000002
1893.5,0.015,1160,100,1.2000000000000002
1894.0,0.016,1160,100,1.2000000000000002
1894.5,0.015,1160,100,1.2000000000000002
1895.0,0.016,1160,100,1.2000000000000002
1895.5,0.015,1161,100,1.8
1896.0,0.018,1161,100,1.8
1896.5,0.015,1161,100,1.2000000000000002
1897.0,0.015,1162,100,0.6000000000000001
1897.5,0.018,1162,100,0.6000000000000001
1898.0,0.016,1162,101,0.0
1898.5,0.015,1163,100,0.0
1899.0,0.018,1163,100,0.0
1899.5,0.015,1163,99,0.0
1900.0,0.016,1163,99,0.0
1900.5,0.015,1164,98,0.0
1901.0,0.016,1164,98,0.0
1901.5,0.016,1164,98,0.0
1902.0,0.015,1165,98,0.0
1902.5,0.016,1165,98,0.0
1903.0,0.015,1165,98,0.0
1903.5,0.016,1166,98,0.0
1904.0,0.016,1166,99,0.0
1904.5,0.016,1166,99,0.0
1905.0,0.015,1166,98,0.0
1905.5,0.016,1167,98,0.0
1906.0,0.013,1167,99,0.0
1906.5,0.016,1167,99,0.0
1907.0,0.016,1168,99,0.0
1907.5,0.016,1168,100,0.0
1908.0,0.015,1168,100,0.0
1908.5,0.016,1169,101,0.0
1909.0,0.015,1169,101,0.0
1909.5,0.015,1169,101,0.0
1910.0,0.016,1169,101,0.0
1910.5,0.015,1170,101,0.0
1911.0,0.015,1170,100,0.0
1911.5,0.015,1170,101,0.0
1912.0,0.013,1171,100,0.0
1912.5,0.015,1171,100,0.6000000000000001
1913.0,0.015,1171,100,1.8
1913.5,0.016,1172,100,1.8
1914.0,0.015,1172,101,1.8
1914.5,0.016,1172,100,1.8
1915.0,0.015,1172,100,1.2000000000000002
1915.5,0.015,1173,100,1.2000000000000002
1916.0,0.015,1173,99,1.2000000000000002
1916.5,0.015,1173,99,1.2000000000000002
1917.0,0.015,1174,99,1.8
1917.5,0.015,1174,99,1.8
1918.0,0.015,1174,100,1.8
1918.5,0.016,1175,100,2.4000000000000004
1919.0,0.015,1175,100,2.4000000000000004
1919.5,0.013,1175,100,2.4000000000000004
1920.0,0.015,1176,100,2.4000000000000004
1920.5,0.015,1176,100,1.8
1921.0,0.015,1176,100,1.8
1921.5,0.016,1176,100,1.8
1922.0,0.015,1177,100,1.8
1922.5,0.015,1177,100,1.8
1923.0,0.013,1177,100,2.4000000000000004
1923.5,0.016,1178,100,1.8
1924.0,0.016,1178,100,1.8
1924.5,0.015,1178,99,1.8
1925.0,0.016,1179,100,1.8
1925.5,0.015,1179,100,1.8
1926.0,0.015,1179,100,1.2000000000000002
1926.5,0.016,1179,100,1.2000000000000002
1927.0,0.015,1180,101,1.2000000000000002
1927.5,0.015,1180,100,1.2000000000000002
1928.0,0.016,1180,100,1.8
1928.5,0.015,1181,100,1.8
1929.0,0.013,1181,100,0.6000000000000001
1929.5,0.016,1181,100,0.6000000000000001
1930.0,0.015,1182,100,0.6000000000000001
1930.5,0.013,1182,101,0.0
1931.0,0.016,1182,100,0.0
1931.5,0.015,1182,100,0.0
1932.0,0.013,1183,99,0.0
1932.5,0.015,1183,99,0.0
1933.0,0.013,1183,98,0.0
1933.5,0.011,1184,98,0.0
1934.0,0.015,1184,98,0.0
1934.5,0.015,1184,98,0.0
1935.0,0.011,1185,98,0.0
1935.5,0.016,1185,98,0.0
1936.0,0.013,1185,98,0.0
1936.5,0.013,1185,98,0.0
1937.0,0.015,1186,99,0.0
1937.5,0.015,1186,98,0.0
1938.0,0.013,1186,98,0.0
1938.5,0.013,1187,98,0.0
1939.0,0.013,1187,99,0.0
1939.5,0.015,1187,99,0.0
1940.0,0.013,1187,99,0.0
1940.5,0.015,1188,100,0.0
1941.0,0.013,1188,100,0.0
1941.5,0.015,1188,100,0.0
1942.0,0.011,1189,101,0.0
1942.5,0.013,1189,100,0.0
1943.0,0.013,1189,100,0.0
1943.5,0.015,1190,100,0.0
1944.0,0.011,1190,100,0.0
1944.5,0.013,1190,99,0.0
1945.0,0.013,1191,99,0.0
1945.5,0.013,1191,99,1.2000000000000002
1946.0,0.015,1191,99,1.8
1946.5,0.015,1191,100,2.4000000000000004
1947.0,0.013,1192,100,1.8
1947.5,0.013,1192,100,1.8
1948.0,0.013,1192,99,1.2000000000000002
1948.5,0.013,1193,99,1.2000000000000002
1949.0,0.015,1193,99,1.2000000000000002
1949.5,0.013,1193,98,1.2000000000000002
1950.0,0.013,1193,98,1.8
1950.5,0.011,1194,99,1.8
1951.0,0.013,1194,99,2.4000000000000004
1951.5,0.013,1194,99,2.4000000000000004
1952.0,0.015,1195,100,2.4000000000000004
1952.5,0.013,1195,100,2.4000000000000004
1953.0,0.013,1195,100,2.4000000000000004
1953.5,0.013,1196,100,1.8
1954.0,0.013,1196,100,1.8
1954.5,0.01,1196,99,1.8
1955.0,0.013,1197,99,1.8
1955.5,0.011,1197,99,2.4000000000000004
1956.0,0.013,1197,99,1.8
1956.5,0.011,1197,99,1.8
1957.0,0.011,1198,100,1.8
1957.5,0.011,1198,100,1.8
1958.0,0.011,1199,99,1.8
1958.5,0.013,1200,100,1.2000000000000002
1959.0,0.011,1200,100,1.2000000000000002
1959.5,0.015,1200,100,1.8
1960.0,0.011,1200,100,1.2000000000000002
1960.5,0.015,1201,100,0.6000000000000001
1961.0,0.015,1201,100,0.0
1961.5,0.015,1201,100,0.0
1962.0,0.013,1202,100,0.0
1962.5,0.016,1202,100,0.0
1963.0,0.013,1202,100,0.0
1963.5,0.013,1202,99,0.0
1964.0,0.013,1203,99,0.0
1964.5,0.013,1203,98,0.0
1965.0,0.013,1203,98,0.0
1965.5,0.016,1204,98,0.0
1966.0,0.013,1204,98,0.0
1966.5,0.013,1204,98,0.0
1967.0,0.013,1205,98,0.0
1967.5,0.013,1205,99,0.0
1968.0,0.01,1205,99,0.0
1968.5,0.015,1205,98,0.0
1969.0,0.013,1206,98,0.0
1969.5,0.013,1206,98,0.0
1970.0,0.013,1206,98,0.0
1970.5,0.013,1207,99,0.0
1971.0,0.013,1207,100,0.0
1971.5,0.013,1207,99,0.0
1972.0,0.013,1208,100,0.0
1972.5,0.011,1208,101,0.0
1973.0,0.013,1208,101,0.0
1973.5,0.011,1208,101,0.0
1974.0,0.016,1209,101,0.0
1974.5,0.013,1209,100,0.0
1975.0,0.013,1209,100,0.0
1975.5,0.011,1210,100,0.0
1976.0,0.011,1210,99,0.0
1976.5,0.011,1210,99,1.2000000000000002
1977.0,0.011,1211,99,1.8
1977.5,0.011,1211,100,2.4000000000000004
1978.0,0.013,1211,100,2.4000000000000004
1978.5,0.011,1211,100,1.8
1979.0,0.013,1212,99,1.8
1979.5,0.01,1212,99,1.2000000000000002
1980.0,0.011,1212,99,1.8
1980.5,0.011,1213,98,1.8
1981.0,0.013,1213,98,2.4000000000000004
1981.5,0.011,1213,98,1.8
1982.0,0.015,1214,99,1.8
1982.5,0.013,1214,99,2.4000000000000004
1983.0,0.013,1214,99,2.4000000000000004
1983.5,0.013,1214,99,2.4000000000000004
1984.0,0.013,1215,99,2.4000000000000004
1984.5,0.013,1215,100,2.4000000000000004
1985.0,0.015,1215,99,1.8
1985.5,0.013,1216,99,1.8
1986.0,0.013,1216,99,1.8
1986.5,0.013,1216,99,2.4000000000000004
1987.0,0.015,1217,99,2.4000000000000004
1987.5,0.013,1217,100,1.8
1988.0,0.015,1217,99,2.4000000000000004
1988.5,0.013,1217,99,2.4000000000000004
1989.0,0.013,1218,100,1.8
1989.5,0.011,1218,99,1.8
1990.0,0.013,1218,99,1.8
1990.5,0.015,1219,100,1.2000000000000002
1991.0,0.016,1219,100,1.2000000000000002
1991.5,0.015,1219,100,1.2000000000000002
1992.0,0.013,1220,100,1.8
1992.5,0.013,1220,99,1.8
1993.0,0.013,1220,100,1.2000000000000002
1993.5,0.013,1220,100,0.6000000000000001
1994.0,0.016,1221,100,0.6000000000000001
1994.5,0.013,1221,101,0.0
1995.0,0.015,1221,100,0.0
1995.5,0.013,1222,100,0.0
1996.0,0.013,1222,99,0.0
1996.5,0.013,1222,99,0.0
1997.0,0.016,1223,98,0.0
1997.5,0.013,1223,98,0.0
1998.0,0.013,1223,98,0.0
1998.5,0.011,1223,98,0.0
1999.0,0.013,1224,98,0.0
1999.5,0.013,1224,98,0.0
2000.0,0.019,1224,98,0.0
2000.5,0.015,1225,98,0.0
2001.0,0.013,1225,98,0.0
2001.5,0.013,1225,98,0.0
2002.0,0.015,1226,99,0.0
2002.5,0.013,1226,98,0.0
2003.0,0.016,1226,98,0.0
2003.5,0.015,1226,99,0.0
2004.0,0.013,1227,100,0.0
2004.5,0.015,1227,99,0.0
2005.0,0.013,1227,101,0.0
2005.5,0.015,1228,101,0.0
2006.0,0.013,1228,101,0.0
2006.5,0.016,1228,101,0.0
2007.0,0.013,1229,100,0.0
2007.5,0.013,1229,100,0.0
2008.0,0.013,1229,100,0.0
2008.5,0.013,1229,100,0.0
2009.0,0.015,1230,99,0.6000000000000001
2009.5,0.013,1230,99,1.8
2010.0,0.013,1230,100,2.4000000000000004
2010.5,0.013,1231,100,2.4000000000000004
2011.0,0.013,1231,100,1.8
2011.5,0.013,1231,100,1.8
2012.0,0.013,1232,100,1.8
2012.5,0.013,1232,99,1.8
2013.0,0.013,1232,99,1.8
2013.5,0.013,1232,99,1.8
2014.0,0.013,1233,99,1.8
2014.5,0.013,1233,99,2.4000000000000004
2015.0,0.015,1233,99,2.4000000000000004
2015.5,0.016,1234,100,2.4000000000000004
2016.0,0.013,1234,100,2.4000000000000004
2016.5,0.013,1234,100,2.4000000000000004
2017.0,0.015,1235,100,2.4000000000000004
2017.5,0.016,1235,100,1.8
2018.0,0.013,1235,100,1.8
2018.5,0.015,1235,100,1.8
2019.0,0.013,1236,100,1.8
2019.5,0.015,1236,99,2.4000000000000004
2020.0,0.011,1236,99,1.8
2020.5,0.015,1237,100,2.4000000000000004
2021.0,0.013,1237,99,2.4000000000000004
2021.5,0.015,1237,100,1.8
2022.0,0.015,1238,100,1.8
2022.5,0.016,1238,101,1.8
2023.0,0.015,1238,100,1.2000000000000002
2023.5,0.015,1238,101,1.2000000000000002
2024.0,0.013,1239,101,1.2000000000000002
2024.5,0.013,1239,100,1.8
2025.0,0.013,1239,100,1.8
2025.5,0.015,1240,100,1.2000000000000002
2026.0,0.013,1240,100,0.6000000000000001
2026.5,0.013,1240,100,0.6000000000000001
2027.0,0.011,1241,101,0.0
2027.5,0.015,1241,101,0.0
2028.0,0.015,1241,100,0.0
2028.5,0.016,1241,100,0.0
2029.0,0.013,1242,99,0.0
2029.5,0.013,1242,99,0.0
2030.0,0.013,1242,98,0.0
2030.5,0.016,1243,98,0.0
2031.0,0.013,1243,98,0.0
2031.5,0.015,1243,98,0.0
2032.0,0.015,1244,98,0.0
2032.5,0.013,1244,98,0.0
2033.0,0.013,1244,99,0.0
2033.5,0.016,1244,99,0.0
2034.0,0.013,1245,99,0.0
2034.5,0.013,1245,99,0.0
2035.0,0.015,1245,99,0.0
2035.5,0.013,1246,99,0.0
2036.0,0.013,1246,99,0.0
2036.5,0.016,1246,100,0.0
2037.0,0.013,1247,100,0.0
2037.5,0.013,1247,100,0.0
2038.0,0.015,1247,101,0.0
2038.5,0.013,1247,101,0.0
2039.0,0.015,1248,101,0.0
2039.5,0.015,1248,101,0.0
2040.0,0.015,1248,101,0.0
2040.5,0.013,1249,101,0.0
2041.0,0.015,1249,100,0.0
2041.5,0.013,1249,100,0.0
2042.0,0.013,1250,100,1.8
2042.5,0.013,1250,100,1.8
2043.0,0.016,1250,101,2.4000000000000004
2043.5,0.015,1250,101,1.8
2044.0,0.015,1251,101,1.8
2044.5,0.015,1251,100,1.2000000000000002
2045.0,0.015,1251,100,1.2000000000000002
2045.5,0.013,1252,100,1.2000000000000002
2046.0,0.015,1252,99,1.8
2046.5,0.015,1252,99,1.8
2047.0,0.013,1253,100,1.8
2047.5,0.013,1253,100,1.8
2048.0,0.016,1253,100,2.4000000000000004
2048.5,0.015,1254,101,2.4000000000000004
2049.0,0.013,1254,101,2.4000000000000004
2049.5,0.015,1254,101,1.8
2050.0,0.015,1254,100,1.8
2050.5,0.011,1255,100,1.2000000000000002
2051.0,0.015,1255,100,1.8
2051.5,0.013,1255,100,1.8
2052.0,0.015,1256,100,2.4000000000000004
2052.5,0.015,1256,100,1.8
2053.0,0.015,1256,100,1.8
2053.5,0.011,1257,100,1.8
2054.0,0.015,1257,100,1.8
2054.5,0.015,1257,100,1.2000000000000002
2055.0,0.013,1257,100,1.2000000000000002
2055.5,0.015,1258,100,1.2000000000000002
2056.0,0.015,1258,100,1.2000000000000002
2056.5,0.013,1258,101,1.2000000000000002
2057.0,0.015,1259,100,1.2000000000000002
2057.5,0.013,1259,100,1.8
2058.0,0.013,1259,100,1.2000000000000002
2058.5,0.015,1260,100,0.6000000000000001
2059.0,0.015,1260,101,0.0
2059.5,0.013,1260,101,0.0
2060.0,0.015,1260,101,0.0
2060.5,0.013,1261,100,0.0
2061.0,0.015,1261,100,0.0
2061.5,0.015,1261,99,0.0
2062.0,0.015,1262,99,0.0
2062.5,0.013,1262,98,0.0
2063.0,0.013,1262,98,0.0
2063.5,0.015,1263,98,0.0
2064.0,0.013,1263,98,0.0
2064.5,0.015,1263,98,0.0
2065.0,0.016,1263,98,0.0
2065.5,0.015,1264,98,0.0
2066.0,0.015,1264,98,0.0
2066.5,0.015,1264,98,0.0
2067.0,0.015,1265,98,0.0
2067.5,0.015,1265,98,0.0
2068.0,0.016,1265,99,0.0
2068.5,0.013,1265,99,0.0
2069.0,0.016,1266,99,0.0
2069.5,0.016,1266,99,0.0
2070.0,0.015,1266,101,0.0
2070.5,0.015,1267,101,0.0
2071.0,0.015,1267,101,0.0
2071.5,0.015,1267,101,0.0
2072.0,0.015,1268,100,0.0
2072.5,0.015,1268,100,0.0
2073.0,0.015,1268,100,0.0
2073.5,0.015,1269,100,0.0
2074.0,0.015,1269,100,0.0
2074.5,0.015,1269,99,1.2000000000000002
2075.0,0.015,1269,100,1.8
2075.5,0.016,1270,100,1.8
2076.0,0.013,1270,100,1.8
2076.5,0.013,1270,100,1.8
2077.0,0.015,1271,100,1.2000000000000002
2077.5,0.013,1271,99,1.2000000000000002
2078.0,0.018,1271,99,1.2000000000000002
2078.5,0.016,1272,99,1.2000000000000002
2079.0,0.015,1272,99,1.8
2079.5,0.013,1272,99,2.4000000000000004
2080.0,0.015,1272,99,1.8
2080.5,0.015,1273,99,2.4000000000000004
2081.0,0.018,1273,100,2.4000000000000004
2081.5,0.016,1273,100,2.4000000000000004
2082.0,0.015,1274,100,2.4000000000000004
2082.5,0.015,1274,100,1.8
2083.0,0.015,1274,100,1.8
2083.5,0.015,1275,100,1.8
2084.0,0.018,1275,100,1.8
2084.5,0.015,1275,100,2.4000000000000004
2085.0,0.015,1275,100,1.8
2085.5,0.013,1276,99,1.8
2086.0,0.015,1276,100,1.8
2086.5,0.013,1276,100,1.8
2087.0,0.019,1277,100,1.8
2087.5,0.015,1277,100,1.2000000000000002
2088.0,0.013,1277,100,1.2000000000000002
2088.5,0.016,1278,100,1.2000000000000002
2089.0,0.016,1278,100,1.2000000000000002
2089.5,0.013,1278,101,1.2000000000000002
2090.0,0.018,1278,100,1.8
2090.5,0.015,1279,100,1.2000000000000002
2091.0,0.015,1279,100,0.6000000000000001
2091.5,0.015,1279,100,0.6000000000000001
2092.0,0.015,1280,101,0.0
2092.5,0.013,1280,101,0.0
2093.0,0.016,1280,100,0.0
2093.5,0.016,1281,99,0.0
2094.0,0.013,1281,99,0.0
2094.5,0.015,1281,99,0.0
2095.0,0.015,1281,98,0.0
2095.5,0.015,1282,98,0.0
2096.0,0.015,1282,98,0.0
2096.5,0.016,1282,98,0.0
2097.0,0.013,1283,98,0.0
2097.5,0.015,1283,98,0.0
2098.0,0.013,1283,98,0.0
2098.5,0.015,1284,98,0.0
2099.0,0.013,1284,98,0.0
2099.5,0.016,1284,98,0.0
2100.0,0.013,1284,99,0.0
2100.5,0.015,1285,98,0.0
2101.0,0.013,1285,98,0.0
2101.5,0.015,1285,99,0.0
2102.0,0.013,1286,99,0.0
2102.5,0.015,1286,100,0.0
2103.0,0.015,1286,101,0.0
2103.5,0.015,1287,101,0.0
2104.0,0.016,1287,101,0.0
2104.5,0.015,1287,101,0.0
2105.0,0.013,1287,100,0.0
2105.5,0.015,1288,100,0.0
2106.0,0.015,1288,100,0.0
2106.5,0.015,1288,99,0.0
2107.0,0.015,1289,99,0.6000000000000001
2107.5,0.013,1289,99,1.8
2108.0,0.013,1289,100,2.4000000000000004
2108.5,0.016,1289,100,2.4000000000000004
2109.0,0.013,1290,100,1.8
2109.5,0.015,1290,99,1.8
2110.0,0.015,1290,99,1.2000000000000002
2110.5,0.013,1291,99,1.2000000000000002
2111.0,0.013,1291,99,1.2000000000000002
2111.5,0.015,1291,98,1.8
2112.0,0.013,1292,99,1.8
2112.5,0.016,1292,99,1.8
2113.0,0.015,1292,99,2.4000000000000004
2113.5,0.015,1293,99,2.4000000000000004
2114.0,0.013,1293,100,2.4000000000000004
2114.5,0.015,1293,100,2.4000000000000004
2115.0,0.015,1293,100,1.8
2115.5,0.015,1294,100,1.8
2116.0,0.015,1294,100,1.8
2116.5,0.013,1294,99,1.8
2117.0,0.015,1295,100,1.8
2117.5,0.015,1295,100,2.4000000000000004
2118.0,0.013,1295,100,1.8
2118.5,0.013,1295,100,2.4000000000000004
2119.0,0.015,1296,100,1.8
2119.5,0.013,1296,100,1.8
2120.0,0.011,1296,100,1.8
2120.5,0.013,1297,100,1.2000000000000002
2121.0,0.015,1297,100,1.2000000000000002
2121.5,0.015,1297,100,1.2000000000000002
2122.0,0.013,1298,100,1.2000000000000002
2122.5,0.013,1298,100,1.8
2123.0,0.013,1298,100,1.8
2123.5,0.015,1299,100,0.6000000000000001
2124.0,0.013,1299,100,0.6000000000000001
2124.5,0.013,1299,100,0.6000000000000001
2125.0,0.015,1299,101,0.0
2125.5,0.013,1300,100,0.0
2126.0,0.015,1300,100,0.0
2126.5,0.013,1300,99,0.0
2127.0,0.015,1301,99,0.0
2127.5,0.015,1301,98,0.0
2128.0,0.016,1301,98,0.0
2128.5,0.013,1302,98,0.0
2129.0,0.015,1302,98,0.0
2129.5,0.013,1302,98,0.0
2130.0,0.018,1302,98,0.0
2130.5,0.015,1303,98,0.0
2131.0,0.015,1303,99,0.0
2131.5,0.013,1303,99,0.0
2132.0,0.013,1304,98,0.0
2132.5,0.013,1304,99,0.0
2133.0,0.016,1304,98,0.0
2133.5,0.011,1304,99,0.0
2134.0,0.016,1305,99,0.0
2134.5,0.015,1305,100,0.0
2135.0,0.013,1305,100,0.0
2135.5,0.013,1306,101,0.0
2136.0,0.016,1306,101,0.0
2136.5,0.013,1306,101,0.0
2137.0,0.016,1307,101,0.0
2137.5,0.013,1307,101,0.0
2138.0,0.013,1307,100,0.0
2138.5,0.013,1308,100,0.0
2139.0,0.016,1308,100,0.0
2139.5,0.015,1308,100,0.6000000000000001
2140.0,0.015,1308,100,1.8
2140.5,0.015,1309,100,1.8
2141.0,0.013,1309,101,2.4000000000000004
2141.5,0.013,1309,100,1.8
2142.0,0.013,1310,100,1.8
2142.5,0.013,1310,100,1.2000000000000002
2143.0,0.016,1310,99,1.2000000000000002
2143.5,0.015,1311,99,1.2000000000000002
2144.0,0.015,1311,99,2.4000000000000004
2144.5,0.013,1312,100,1.8
2145.0,0.015,1312,100,2.4000000000000004
2145.5,0.015,1312,100,2.4000000000000004
2146.0,0.016,1313,100,2.4000000000000004
2146.5,0.015,1313,100,1.8
2147.0,0.013,1313,100,1.8
2147.5,0.013,1314,100,1.8
2148.0,0.015,1314,100,1.8
2148.5,0.015,1314,100,1.8
2149.0,0.016,1314,99,2.4000000000000004
2149.5,0.013,1315,99,1.8
2150.0,0.015,1315,100,1.8
2150.5,0.013,1315,100,1.8
2151.0,0.015,1316,100,1.8
2151.5,0.015,1316,100,1.8
2152.0,0.016,1316,100,1.8
2152.5,0.013,1317,99,1.2000000000000002
2153.0,0.013,1317,100,1.2000000000000002
2153.5,0.013,1317,100,1.2000000000000002
2154.0,0.016,1317,100,1.8
2154.5,0.015,1318,99,1.8
2155.0,0.013,1318,99,1.2000000000000002
2155.5,0.016,1318,100,0.6000000000000001
2156.0,0.013,1319,100,0.6000000000000001
2156.5,0.013,1319,100,0.0
2157.0,0.016,1319,100,0.0
2157.5,0.013,1320,100,0.0
2158.0,0.013,1320,99,0.0
2158.5,0.013,1320,99,0.0
2159.0,0.011,1320,98,0.0
2159.5,0.013,1321,98,0.0
2160.0,0.016,1321,97,0.0
2160.5,0.015,1321,98,0.0
2161.0,0.013,1322,97,0.0
2161.5,0.015,1322,98,0.0
2162.0,0.013,1322,98,0.0
2162.5,0.013,1323,98,0.0
2163.0,0.015,1323,98,0.0
2163.5,0.016,1323,98,0.0
2164.0,0.011,1323,98,0.0
2164.5,0.015,1324,98,0.0
2165.0,0.011,1324,98,0.0
2165.5,0.015,1324,99,0.0
2166.0,0.013,1325,99,0.0
2166.5,0.015,1325,99,0.0
2167.0,0.013,1325,100,0.0
2167.5,0.015,1326,100,0.0
2168.0,0.013,1326,101,0.0
2168.5,0.016,1326,101,0.0
2169.0,0.015,1326,100,0.0
2169.5,0.015,1327,100,0.0
2170.0,0.013,1327,100,0.0
2170.5,0.015,1327,99,0.0
2171.0,0.015,1328,99,0.0
2171.5,0.015,1328,99,1.2000000000000002
2172.0,0.016,1328,99,1.8
2172.5,0.015,1328,100,2.4000000000000004
2173.0,0.013,1329,100,2.4000000000000004
2173.5,0.016,1329,99,1.8
2174.0,0.015,1329,99,1.8
2174.5,0.015,1330,99,1.8
2175.0,0.016,1330,99,1.8
2175.5,0.016,1330,98,1.8
2176.0,0.015,1331,98,1.8
2176.5,0.016,1331,99,1.8
2177.0,0.013,1331,99,1.8
2177.5,0.015,1332,99,2.4000000000000004
2178.0,0.015,1332,100,2.4000000000000004
2178.5,0.016,1332,100,2.4000000000000004
2179.0,0.013,1332,100,2.4000000000000004
2179.5,0.016,1333,100,1.8
2180.0,0.013,1333,100,1.8
2180.5,0.015,1333,100,1.8
2181.0,0.011,1334,99,1.8
2181.5,0.016,1334,100,2.4000000000000004
2182.0,0.015,1334,100,2.4000000000000004
2182.5,0.016,1334,99,1.8
2183.0,0.013,1335,100,1.8
2183.5,0.015,1335,100,1.8
2184.0,0.013,1335,100,1.8
2184.5,0.013,1336,100,1.2000000000000002
2185.0,0.015,1336,100,1.2000000000000002
2185.5,0.016,1336,100,1.2000000000000002
2186.0,0.013,1337,100,1.2000000000000002
2186.5,0.013,1337,100,1.2000000000000002
2187.0,0.015,1337,100,1.8
2187.5,0.013,1338,100,1.2000000000000002
2188.0,0.013,1338,100,0.6000000000000001
2188.5,0.016,1338,100,0.6000000000000001
2189.0,0.013,1338,100,0.0
2189.5,0.013,1339,101,0.0
2190.0,0.015,1339,100,0.0
2190.5,0.016,1339,100,0.0
2191.0,0.013,1340,99,0.0
2191.5,0.016,1342,98,0.0
2192.0,0.013,1342,98,0.0
2192.5,0.013,1342,98,0.0
2193.0,0.015,1343,98,0.0
2193.5,0.013,1343,98,0.0
2194.0,0.013,1343,98,0.0
2194.5,0.013,1343,98,0.0
2195.0,0.015,1344,99,0.0
2195.5,0.013,1344,100,0.0
2196.0,0.013,1344,99,0.0
2196.5,0.015,1345,100,0.0
2197.0,0.015,1345,101,0.0
2197.5,0.013,1345,101,0.0
2198.0,0.016,1346,101,0.0
2198.5,0.013,1346,101,0.0
2199.0,0.015,1346,100,0.0
2199.5,0.015,1347,100,0.0
2200.0,0.013,1347,100,0.0
2200.5,0.015,1347,100,0.0
2201.0,0.013,1347,99,0.6000000000000001
2201.5,0.013,1348,99,1.8
2202.0,0.015,1348,100,2.4000000000000004
2202.5,0.015,1348,101,1.8
2203.0,0.015,1349,100,1.8
2203.5,0.015,1349,100,1.8
2204.0,0.015,1349,100,1.2000000000000002
2204.5,0.011,1349,99,1.2000000000000002
2205.0,0.015,1350,99,1.2000000000000002
2205.5,0.013,1350,99,1.8
2206.0,0.013,1350,99,1.8
2206.5,0.013,1351,100,1.8
2207.0,0.013,1351,100,2.4000000000000004
2207.5,0.013,1351,100,2.4000000000000004
2208.0,0.016,1352,100,2.4000000000000004
2208.5,0.015,1352,100,2.4000000000000004
2209.0,0.013,1352,101,1.8
2209.5,0.013,1352,100,1.8
2210.0,0.015,1353,100,1.8
2210.5,0.013,1353,100,1.2000000000000002
2211.0,0.016,1353,100,1.8
2211.5,0.013,1354,100,1.8
2212.0,0.015,1354,100,1.8
2212.5,0.011,1354,100,1.8
2213.0,0.016,1355,100,1.8
2213.5,0.013,1355,101,1.8
2214.0,0.018,1355,100,1.2000000000000002
2214.5,0.013,1356,100,1.2000000000000002
2215.0,0.013,1356,101,1.2000000000000002
2215.5,0.013,1356,101,1.2000000000000002
2216.0,0.015,1356,100,1.2000000000000002
2216.5,0.013,1357,100,1.2000000000000002
2217.0,0.016,1357,100,1.2000000000000002
2217.5,0.015,1357,100,0.6000000000000001
2218.0,0.013,1358,100,0.6000000000000001
2218.5,0.013,1358,101,0.0
2219.0,0.015,1358,101,0.0
2219.5,0.011,1359,101,0.0
2220.0,0.016,1359,100,0.0
2220.5,0.011,1359,99,0.0
2221.0,0.013,1359,99,0.0
2221.5,0.013,1360,99,0.0
2222.0,0.013,1360,98,0.0
2222.5,0.013,1360,98,0.0
2223.0,0.015,1361,98,0.0
2223.5,0.013,1361,98,0.0
2224.0,0.011,1361,98,0.0
2224.5,0.015,1362,98,0.0
2225.0,0.015,1362,99,0.0
2225.5,0.013,1362,99,0.0
2226.0,0.015,1362,98,0.0
2226.5,0.015,1363,99,0.0
2227.0,0.011,1363,99,0.0
2227.5,0.015,1363,98,0.0
2228.0,0.015,1364,99,0.0
2228.5,0.011,1364,100,0.0
2229.0,0.013,1364,100,0.0
2229.5,0.015,1365,101,0.0
2230.0,0.011,1365,101,0.0
2230.5,0.015,1365,101,0.0
2231.0,0.013,1365,101,0.0
2231.5,0.011,1366,101,0.0
2232.0,0.013,1366,100,0.0
2232.5,0.015,1366,100,0.0
2233.0,0.011,1367,100,0.0
2233.5,0.015,1367,100,0.6000000000000001
2234.0,0.013,1367,100,1.8
2234.5,0.015,1368,100,1.8
2235.0,0.013,1368,101,1.8
2235.5,0.015,1368,100,1.8
2236.0,0.013,1368,100,1.8
2236.5,0.013,1369,100,1.2000000000000002
2237.0,0.013,1369,99,1.2000000000000002
2237.5,0.013,1369,99,1.2000000000000002
2238.0,0.013,1370,99,1.2000000000000002
2238.5,0.015,1370,99,1.8
2239.0,0.013,1370,100,1.8
2239.5,0.013,1371,100,1.8
2240.0,0.013,1371,100,2.4000000000000004
2240.5,0.013,1371,100,2.4000000000000004
2241.0,0.011,1372,100,2.4000000000000004
2241.5,0.011,1374,100,1.8
2242.0,0.013,1375,101,1.2000000000000002
2242.5,0.01,1375,101,1.2000000000000002
2243.0,0.015,1375,100,1.2000000000000002
2243.5,0.013,1376,100,1.2000000000000002
2244.0,0.015,1376,100,1.2000000000000002
2244.5,0.011,1376,100,1.2000000000000002
2245.0,0.013,1377,100,1.8
2245.5,0.011,1377,100,0.6000000000000001
2246.0,0.015,1377,100,0.6000000000000001
2246.5,0.013,1377,101,0.0
2247.0,0.013,1378,101,0.0
2247.5,0.013,1378,101,0.0
2248.0,0.013,1378,100,0.0
2248.5,0.011,1379,100,0.0
2249.0,0.016,1379,99,0.0
2249.5,0.011,1379,99,0.0
2250.0,0.013,1380,98,0.0
2250.5,0.011,1380,98,0.0
2251.0,0.01,1380,98,0.0
2251.5,0.011,1381,98,0.0
2252.0,0.015,1381,98,0.0
2252.5,0.011,1381,98,0.0
2253.0,0.013,1381,98,0.0
2253.5,0.011,1382,98,0.0
2254.0,0.011,1382,98,0.0
2254.5,0.011,1382,98,0.0
2255.0,0.015,1383,98,0.0
2255.5,0.013,1383,98,0.0
2256.0,0.013,1383,99,0.0
2256.5,0.013,1383,99,0.0
2257.0,0.011,1384,100,0.0
2257.5,0.013,1384,100,0.0
2258.0,0.013,1384,101,0.0
2258.5,0.013,1385,101,0.0
2259.0,0.011,1385,101,0.0
2259.5,0.011,1385,100,0.0
2260.0,0.011,1386,100,0.0
2260.5,0.011,1386,100,0.0
2261.0,0.013,1386,100,0.0
2261.5,0.011,1386,99,0.6000000000000001
2262.0,0.011,1387,99,1.2000000000000002
2262.5,0.015,1387,100,1.8
2263.0,0.013,1387,100,1.8
2263.5,0.011,1388,100,1.8
2264.0,0.011,1388,100,1.8
2264.5,0.013,1388,99,1.2000000000000002
2265.0,0.011,1389,99,1.2000000000000002
2265.5,0.013,1389,99,1.2000000000000002
2266.0,0.011,1389,99,1.8
2266.5,0.011,1390,99,1.8
2267.0,0.013,1390,99,2.4000000000000004
2267.5,0.013,1390,100,1.8
2268.0,0.013,1390,100,2.4000000000000004
2268.5,0.015,1391,100,2.4000000000000004
2269.0,0.013,1391,100,2.4000000000000004
2269.5,0.011,1391,100,1.8
2270.0,0.013,1392,100,1.8
2270.5,0.013,1392,100,1.8
2271.0,0.013,1392,100,1.8
2271.5,0.015,1392,100,1.8
2272.0,0.013,1393,100,2.4000000000000004
2272.5,0.013,1393,100,1.8
2273.0,0.013,1393,100,1.8
2273.5,0.013,1394,100,1.8
2274.0,0.013,1394,100,1.8
2274.5,0.013,1394,100,1.8
2275.0,0.013,1395,101,1.2000000000000002
2275.5,0.015,1395,100,1.2000000000000002
2276.0,0.011,1395,100,1.2000000000000002
2276.5,0.013,1396,101,1.2000000000000002
2277.0,0.013,1396,101,1.2000000000000002
2277.5,0.015,1396,100,1.8
2278.0,0.013,1396,100,1.2000000000000002
2278.5,0.013,1397,100,0.6000000000000001
2279.0,0.013,1397,101,0.6000000000000001
2279.5,0.013,1397,101,0.0
2280.0,0.013,1398,101,0.0
2280.5,0.013,1398,100,0.0
2281.0,0.011,1398,100,0.0
2281.5,0.015,1399,99,0.0
2282.0,0.011,1399,99,0.0
2282.5,0.015,1399,98,0.0
2283.0,0.013,1399,98,0.0
2283.5,0.013,1400,98,0.0
2284.0,0.011,1400,98,0.0
2284.5,0.015,1400,98,0.0
2285.0,0.013,1401,98,0.0
2285.5,0.015,1401,99,0.0
2286.0,0.013,1401,99,0.0
2286.5,0.016,1401,98,0.0
2287.0,0.013,1402,99,0.0
2287.5,0.015,1402,98,0.0
2288.0,0.015,1402,98,0.0
2288.5,0.016,1403,100,0.0
2289.0,0.015,1408,99,1.2000000000000002
2289.5,0.013,1408,99,1.2000000000000002
2290.0,0.013,1408,99,1.2000000000000002
2290.5,0.016,1409,98,1.2000000000000002
2291.0,0.013,1409,98,1.8
2291.5,0.015,1409,99,1.8
2292.0,0.015,1410,99,1.8
2292.5,0.011,1410,99,2.4000000000000004
2293.0,0.015,1410,100,2.4000000000000004
2293.5,0.015,1411,100,2.4000000000000004
2294.0,0.016,1411,100,1.8
2294.5,0.016,1411,100,1.8
2295.0,0.015,1411,100,1.8
2295.5,0.013,1412,100,1.8
2296.0,0.015,1412,99,1.8
2296.5,0.018,1412,100,2.4000000000000004
2297.0,0.013,1413,100,1.8
2297.5,0.015,1413,100,1.8
2298.0,0.016,1413,100,1.8
2298.5,0.015,1414,100,1.8
2299.0,0.015,1414,100,1.8
2299.5,0.015,1414,100,1.2000000000000002
2300.0,0.015,1414,100,1.2000000000000002
2300.5,0.015,1415,100,1.2000000000000002
2301.0,0.016,1415,100,1.2000000000000002
2301.5,0.015,1415,101,1.2000000000000002
2302.0,0.015,1416,100,1.8
2302.5,0.015,1416,100,1.2000000000000002
2303.0,0.015,1416,100,0.6000000000000001
2303.5,0.015,1417,101,0.6000000000000001
2304.0,0.015,1417,101,0.0
2304.5,0.015,1417,101,0.0
2305.0,0.015,1417,100,0.0
2305.5,0.015,1418,100,0.0
2306.0,0.015,1418,99,0.0
2306.5,0.015,1418,99,0.0
2307.0,0.015,1419,98,0.0
2307.5,0.013,1419,98,0.0
2308.0,0.015,1419,98,0.0
2308.5,0.013,1420,98,0.0
2309.0,0.016,1420,98,0.0
2309.5,0.016,1420,98,0.0
2310.0,0.016,1420,98,0.0
2310.5,0.013,1421,99,0.0
2311.0,0.016,1421,98,0.0
2311.5,0.013,1421,98,0.0
2312.0,0.016,1422,99,0.0
2312.5,0.015,1422,98,0.0
2313.0,0.018,1422,99,0.0
2313.5,0.015,1423,99,0.0
2314.0,0.015,1423,99,0.0
2314.5,0.016,1423,100,0.0
2315.0,0.016,1423,101,0.0
2315.5,0.015,1424,101,0.0
2316.0,0.016,1424,101,0.0
2316.5,0.015,1424,101,0.0
2317.0,0.015,1425,100,0.0
2317.5,0.016,1425,100,0.0
2318.0,0.016,1425,100,0.0
2318.5,0.016,1425,100,0.0
2319.0,0.016,1426,99,1.2000000000000002
2319.5,0.015,1426,100,1.8
2320.0,0.016,1426,100,2.4000000000000004
2320.5,0.016,1427,100,1.8
2321.0,0.016,1427,100,1.8
2321.5,0.015,1427,100,1.8
2322.0,0.015,1428,99,1.2000000000000002
2322.5,0.016,1428,99,1.2000000000000002
2323.0,0.016,1428,99,1.2000000000000002
2323.5,0.016,1429,99,1.8
2324.0,0.013,1429,99,1.8
2324.5,0.013,1429,99,2.4000000000000004
2325.0,0.016,1429,100,2.4000000000000004
2325.5,0.015,1430,100,2.4000000000000004
2326.0,0.015,1430,100,2.4000000000000004
2326.5,0.018,1430,100,2.4000000000000004
2327.0,0.015,1431,100,1.8
2327.5,0.015,1431,100,1.8
2328.0,0.016,1431,100,1.8
2328.5,0.015,1432,100,1.8
2329.0,0.015,1432,100,1.8
2329.5,0.016,1432,100,1.8
2330.0,0.015,1432,100,1.8
2330.5,0.016,1433,100,1.8
2331.0,0.016,1433,100,1.8
2331.5,0.016,1433,100,1.8
2332.0,0.015,1434,100,1.2000000000000002
2332.5,0.016,1434,100,1.8
2333.0,0.015,1434,100,1.2000000000000002
2333.5,0.015,1435,100,1.2000000000000002
2334.0,0.015,1435,100,1.2000000000000002
2334.5,0.015,1435,100,1.2000000000000002
2335.0,0.013,1435,100,1.2000000000000002
2335.5,0.018,1436,100,0.6000000000000001
2336.0,0.015,1436,100,0.6000000000000001
2336.5,0.015,1436,100,0.0
2337.0,0.015,1437,101,0.0
2337.5,0.015,1437,100,0.0
2338.0,0.015,1437,100,0.0
2338.5,0.016,1438,99,0.0
2339.0,0.015,1438,99,0.0
2339.5,0.016,1438,98,0.0
2340.0,0.015,1438,98,0.0
2340.5,0.016,1439,98,0.0
2341.0,0.016,1439,98,0.0
2341.5,0.016,1439,98,0.0
2342.0,0.015,1440,98,0.0
2342.5,0.016,1440,98,0.0
2343.0,0.015,1440,98,0.0
2343.5,0.016,1440,98,0.0
2344.0,0.018,1441,98,0.0
2344.5,0.018,1441,97,0.0
2345.0,0.016,1441,98,0.0
2345.5,0.016,1442,98,0.0
2346.0,0.016,1442,99,0.0
2346.5,0.016,1442,99,0.0
2347.0,0.015,1443,100,0.0
2347.5,0.018,1443,100,0.0
2348.0,0.016,1443,100,0.0
2348.5,0.016,1444,101,0.0
2349.0,0.018,1444,100,0.0
2349.5,0.016,1444,100,0.0
2350.0,0.016,1444,100,0.0
2350.5,0.018,1445,100,0.0
2351.0,0.018,1445,99,0.0
2351.5,0.016,1445,99,0.6000000000000001
2352.0,0.016,1446,99,1.8
2352.5,0.018,1446,99,2.4000000000000004
2353.0,0.016,1446,100,2.4000000000000004
2353.5,0.018,1447,100,1.8
2354.0,0.016,1447,99,1.8
2354.5,0.019,1447,99,1.8
2355.0,0.016,1447,98,1.2000000000000002
2355.5,0.016,1448,98,1.2000000000000002
2356.0,0.016,1448,98,1.8
2356.5,0.019,1448,98,1.8
2357.0,0.018,1449,99,2.4000000000000004
2357.5,0.018,1449,99,2.4000000000000004
2358.0,0.016,1449,99,2.4000000000000004
2358.5,0.016,1450,100,2.4000000000000004
2359.0,0.016,1450,100,2.4000000000000004
2359.5,0.019,1450,100,1.8
2360.0,0.016,1450,100,1.8
2360.5,0.016,1451,100,1.8
2361.0,0.018,1451,99,1.8
2361.5,0.016,1451,100,1.8
2362.0,0.019,1452,100,2.4000000000000004
2362.5,0.018,1452,99,1.8
2363.0,0.016,1452,100,1.8
2363.5,0.015,1453,100,1.8
2364.0,0.019,1453,99,1.8
2364.5,0.016,1453,100,1.8
2365.0,0.016,1453,100,1.2000000000000002
2365.5,0.018,1454,100,1.2000000000000002
2366.0,0.019,1454,100,1.2000000000000002
2366.5,0.015,1454,101,1.2000000000000002
2367.0,0.018,1455,100,1.8
2367.5,0.015,1455,100,1.8
2368.0,0.016,1455,100,1.2000000000000002
2368.5,0.018,1455,100,0.6000000000000001
2369.0,0.019,1456,100,0.6000000000000001
2369.5,0.016,1456,101,0.6000000000000001
2370.0,0.018,1456,101,0.0
2370.5,0.016,1457,100,0.0
2371.0,0.016,1457,99,0.0
2371.5,0.018,1457,99,0.0
2372.0,0.019,1458,99,0.0
2372.5,0.015,1458,98,0.0
2373.0,0.016,1458,98,0.0
2373.5,0.016,1459,98,0.0
2374.0,0.015,1459,98,0.0
2374.5,0.015,1459,98,0.0
2375.0,0.019,1459,98,0.0
2375.5,0.015,1460,99,0.0
2376.0,0.018,1460,99,0.0
2376.5,0.016,1460,98,0.0
2377.0,0.016,1461,98,0.0
2377.5,0.016,1461,98,0.0
2378.0,0.018,1461,98,0.0
2378.5,0.015,1461,99,0.0
2379.0,0.018,1462,99,0.0
2379.5,0.016,1462,99,0.0
2380.0,0.016,1462,100,0.0
2380.5,0.015,1463,100,0.0
2381.0,0.018,1463,101,0.0
2381.5,0.015,1463,101,0.0
2382.0,0.016,1464,100,0.0
2382.5,0.016,1464,100,0.0
2383.0,0.019,1464,100,0.0
2383.5,0.016,1464,100,0.0
2384.0,0.018,1465,99,0.0
2384.5,0.016,1465,99,1.2000000000000002
2385.0,0.016,1465,99,2.4000000000000004
2385.5,0.016,1466,100,2.4000000000000004
2386.0,0.016,1466,100,1.8
2386.5,0.015,1466,100,1.8
2387.0,0.016,1467,99,1.8
2387.5,0.015,1467,99,1.8
2388.0,0.019,1467,99,1.8
2388.5,0.016,1468,98,1.8
2389.0,0.015,1468,98,1.8
2389.5,0.015,1468,99,1.8
2390.0,0.016,1468,99,1.8
2390.5,0.016,1469,99,2.4000000000000004
2391.0,0.016,1469,99,2.4000000000000004
2391.5,0.018,1469,100,2.4000000000000004
2392.0,0.015,1470,100,2.4000000000000004
2392.5,0.015,1470,100,1.8
2393.0,0.016,1470,100,1.8
2393.5,0.015,1470,99,1.8
2394.0,0.016,1471,99,1.8
2394.5,0.016,1471,100,2.4000000000000004
2395.0,0.015,1471,99,2.4000000000000004
2395.5,0.016,1472,99,1.8
2396.0,0.015,1472,100,1.8
2396.5,0.016,1472,100,1.8
2397.0,0.016,1473,99,1.8
2397.5,0.015,1473,100,1.2000000000000002
2398.0,0.015,1473,100,1.2000000000000002
2398.5,0.016,1474,100,1.2000000000000002
2399.0,0.015,1474,100,1.2000000000000002
2399.5,0.016,1474,100,1.8
2400.0,0.015,1474,100,1.8
2400.5,0.015,1475,100,1.2000000000000002
2401.0,0.016,1475,100,0.6000000000000001
2401.5,0.015,1475,100,0.6000000000000001
2402.0,0.013,1476,101,0.0
2402.5,0.013,1477,99,0.0
2403.0,0.016,1477,99,0.0
2403.5,0.013,1477,99,0.0
2404.0,0.016,1478,98,0.0
2404.5,0.015,1478,98,0.0
2405.0,0.018,1478,98,0.0
2405.5,0.013,1479,98,0.0
2406.0,0.016,1479,98,0.0
2406.5,0.015,1479,99,0.0
2407.0,0.016,1479,99,0.0
2407.5,0.016,1480,99,0.0
2408.0,0.016,1480,99,0.0
2408.5,0.016,1480,99,0.0
2409.0,0.016,1481,98,0.0
2409.5,0.015,1481,99,0.0
2410.0,0.015,1481,100,0.0
2410.5,0.016,1482,100,0.0
2411.0,0.016,1482,100,0.0
2411.5,0.015,1482,101,0.0
2412.0,0.016,1483,101,0.0
2412.5,0.016,1483,101,0.0
2413.0,0.015,1483,101,0.0
2413.5,0.015,1483,100,0.0
2414.0,0.016,1484,100,0.0
2414.5,0.015,1484,100,0.0
2415.0,0.016,1484,100,0.0
2415.5,0.016,1485,99,1.2000000000000002
2416.0,0.016,1485,100,1.8
2416.5,0.016,1485,100,2.4000000000000004
2417.0,0.016,1486,100,2.4000000000000004
2417.5,0.016,1486,100,1.8
2418.0,0.016,1486,100,1.8
2418.5,0.016,1486,99,1.2000000000000002
2419.0,0.016,1487,99,1.2000000000000002
2419.5,0.016,1487,99,1.2000000000000002
2420.0,0.016,1487,99,1.8
2420.5,0.016,1488,99,1.8
2421.0,0.016,1488,99,1.8
2421.5,0.016,1488,100,2.4000000000000004
2422.0,0.016,1489,100,2.4000000000000004
2422.5,0.016,1489,100,2.4000000000000004
2423.0,0.018,1489,100,2.4000000000000004
2423.5,0.018,1489,100,1.8
2424.0,0.019,1490,99,1.8
2424.5,0.016,1490,99,1.8
2425.0,0.015,1490,100,1.8
2425.5,0.016,1491,99,1.8
2426.0,0.016,1491,99,2.4000000000000004
2426.5,0.016,1491,99,1.8
2427.0,0.019,1492,99,1.8
2427.5,0.016,1492,99,1.8
2428.0,0.016,1492,100,1.8
2428.5,0.016,1492,100,1.2000000000000002
2429.0,0.018,1493,99,1.2000000000000002
2429.5,0.016,1493,100,1.2000000000000002
2430.0,0.018,1493,100,1.2000000000000002
2430.5,0.016,1494,100,1.2000000000000002
2431.0,0.016,1494,100,1.8
2431.5,0.016,1494,100,1.8
2432.0,0.018,1495,100,0.6000000000000001
2432.5,0.015,1495,100,0.6000000000000001
2433.0,0.016,1495,100,0.6000000000000001
2433.5,0.018,1495,101,0.0
2434.0,0.015,1496,100,0.0
2434.5,0.016,1496,100,0.0
2435.0,0.018,1496,99,0.0
2435.5,0.016,1497,99,0.0
2436.0,0.015,1497,98,0.0
2436.5,0.016,1497,98,0.0
2437.0,0.015,1498,98,0.0
2437.5,0.015,1498,98,0.0
2438.0,0.016,1498,98,0.0
2438.5,0.016,1498,98,0.0
2439.0,0.016,1499,98,0.0
2439.5,0.018,1499,99,0.0
2440.0,0.015,1499,99,0.0
2440.5,0.018,1500,98,0.0
2441.0,0.016,1500,99,0.0
2441.5,0.016,1500,99,0.0
2442.0,0.016,1500,99,0.0
2442.5,0.018,1501,99,0.0
2443.0,0.016,1501,99,0.0
2443.5,0.016,1501,100,0.0
2444.0,0.018,1502,101,0.0
2444.5,0.018,1502,101,0.0
2445.0,0.015,1502,101,0.0
2445.5,0.018,1503,101,0.0
2446.0,0.016,1503,101,0.0
2446.5,0.018,1503,100,0.0
2447.0,0.018,1503,100,0.0
2447.5,0.016,1504,100,0.0
2448.0,0.015,1504,99,0.6000000000000001
2448.5,0.018,1504,99,1.8
2449.0,0.016,1505,100,2.4000000000000004
2449.5,0.016,1505,100,2.4000000000000004
2450.0,0.015,1505,100,1.8
2450.5,0.016,1506,100,1.8
2451.0,0.016,1506,99,1.2000000000000002
2451.5,0.019,1506,99,1.2000000000000002
2452.0,0.015,1507,99,1.2000000000000002
2452.5,0.018,1507,99,1.8
2453.0,0.016,1507,99,1.8
2453.5,0.016,1507,99,2.4000000000000004
2454.0,0.016,1508,99,2.4000000000000004
2454.5,0.018,1508,100,2.4000000000000004
2455.0,0.016,1508,100,2.4000000000000004
2455.5,0.018,1509,100,2.4000000000000004
2456.0,0.016,1509,100,2.4000000000000004
2456.5,0.016,1509,100,1.8
2457.0,0.016,1510,99,1.8
2457.5,0.018,1510,99,1.8
2458.0,0.015,1510,100,2.4000000000000004
2458.5,0.015,1510,100,2.4000000000000004
2459.0,0.016,1511,99,2.4000000000000004
2459.5,0.015,1511,99,2.4000000000000004
2460.0,0.015,1511,100,2.4000000000000004
2460.5,0.018,1512,100,1.8
2461.0,0.016,1512,100,1.8
2461.5,0.015,1512,100,1.2000000000000002
2462.0,0.016,1513,100,1.2000000000000002
2462.5,0.016,1513,100,1.2000000000000002
2463.0,0.015,1513,101,1.2000000000000002
2463.5,0.018,1513,100,1.2000000000000002
2464.0,0.016,1514,100,1.8
2464.5,0.016,1514,100,1.2000000000000002
2465.0,0.015,1514,100,0.6000000000000001
2465.5,0.016,1515,100,0.6000000000000001
2466.0,0.015,1515,101,0.0
2466.5,0.016,1515,101,0.0
2467.0,0.016,1516,100,0.0
2467.5,0.015,1516,99,0.0
2468.0,0.015,1516,99,0.0
2468.5,0.015,1516,99,0.0
2469.0,0.013,1517,98,0.0
2469.5,0.015,1517,98,0.0
2470.0,0.015,1517,98,0.0
2470.5,0.013,1518,98,0.0
2471.0,0.016,1518,98,0.0
2471.5,0.015,1518,98,0.0
2472.0,0.013,1518,99,0.0
2472.5,0.015,1519,99,0.0
2473.0,0.016,1519,99,0.0
2473.5,0.015,1519,99,0.0
2474.0,0.015,1520,98,0.0
2474.5,0.015,1520,99,0.0
2475.0,0.015,1520,99,0.0
2475.5,0.013,1521,99,0.0
2476.0,0.015,1521,100,0.0
2476.5,0.015,1521,101,0.0
2477.0,0.016,1522,101,0.0
2477.5,0.018,1522,101,0.0
2478.0,0.013,1522,101,0.0
2478.5,0.013,1522,101,0.0
2479.0,0.016,1523,101,0.0
2479.5,0.015,1523,100,0.0
2480.0,0.016,1523,100,0.0
2480.5,0.013,1524,99,0.0
2481.0,0.015,1524,99,1.2000000000000002
2481.5,0.016,1524,100,1.8
2482.0,0.015,1525,100,1.8
2482.5,0.015,1525,100,1.8
2483.0,0.016,1525,100,1.8
2483.5,0.016,1525,99,1.2000000000000002
2484.0,0.015,1526,99,1.2000000000000002
2484.5,0.015,1526,99,1.2000000000000002
2485.0,0.015,1526,98,1.8
2485.5,0.015,1527,98,1.8
2486.0,0.016,1527,99,2.4000000000000004
2486.5,0.015,1527,99,2.4000000000000004
2487.0,0.015,1528,99,2.4000000000000004
2487.5,0.015,1528,99,3.0
2488.0,0.016,1528,100,3.0
2488.5,0.015,1528,100,2.4000000000000004
2489.0,0.016,1529,99,1.8
2489.5,0.016,1529,99,1.8
2490.0,0.015,1529,99,1.8
2490.5,0.013,1530,99,1.8
2491.0,0.016,1530,99,2.4000000000000004
2491.5,0.015,1530,99,1.8
2492.0,0.016,1531,99,1.8
2492.5,0.015,1531,99,2.4000000000000004
2493.0,0.016,1531,99,1.8
2493.5,0.015,1531,99,2.4000000000000004
2494.0,0.016,1532,100,1.8
2494.5,0.015,1532,100,1.2000000000000002
2495.0,0.018,1532,100,1.2000000000000002
2495.5,0.013,1533,100,1.2000000000000002
2496.0,0.016,1533,100,1.2000000000000002
2496.5,0.015,1533,99,1.8
2497.0,0.015,1534,100,1.2000000000000002
2497.5,0.013,1534,100,0.6000000000000001
2498.0,0.018,1534,100,0.6000000000000001
2498.5,0.015,1534,100,0.0
2499.0,0.016,1535,100,0.0
2499.5,0.015,1535,100,0.0
2500.0,0.015,1535,99,0.0
2500.5,0.013,1536,99,0.0
2501.0,0.018,1536,98,0.0
2501.5,0.016,1536,98,0.0
2502.0,0.013,1537,97,0.0
2502.5,0.015,1537,97,0.0
2503.0,0.015,1537,98,0.0
2503.5,0.015,1537,98,0.0
2504.0,0.015,1538,97,0.0
2504.5,0.016,1538,98,0.0
2505.0,0.013,1538,98,0.0
2505.5,0.015,1539,98,0.0
2506.0,0.015,1539,98,0.0
2506.5,0.016,1539,98,0.0
2507.0,0.013,1539,98,0.0
2507.5,0.016,1540,99,0.0
2508.0,0.013,1540,99,0.0
2508.5,0.013,1540,99,0.0
2509.0,0.013,1541,100,0.0
2509.5,0.015,1541,100,0.0
2510.0,0.013,1541,100,0.0
2510.5,0.015,1542,101,0.0
2511.0,0.011,1542,100,0.0
2511.5,0.015,1542,100,0.0
2512.0,0.013,1542,100,0.0
2512.5,0.013,1543,100,0.0
2513.0,0.013,1543,99,0.0
2513.5,0.013,1543,99,0.6000000000000001
2514.0,0.015,1544,99,1.8
2514.5,0.015,1544,99,2.4000000000000004
2515.0,0.013,1544,100,2.4000000000000004
2515.5,0.015,1545,100,2.4000000000000004
2516.0,0.013,1545,99,1.8
2516.5,0.013,1545,99,1.8
2517.0,0.013,1545,99,1.8
2517.5,0.015,1546,99,1.8
2518.0,0.015,1546,98,1.8
2518.5,0.013,1546,98,1.8
2519.0,0.016,1548,100,3.0
2519.5,0.013,1548,100,2.4000000000000004
2520.0,0.011,1548,100,2.4000000000000004
2520.5,0.013,1548,99,1.8
2521.0,0.013,1549,99,1.8
2521.5,0.013,1549,99,1.8
2522.0,0.013,1549,99,1.8
2522.5,0.013,1550,99,2.4000000000000004
2523.0,0.013,1550,99,1.8
2523.5,0.011,1550,99,1.8
2524.0,0.013,1551,99,1.8
2524.5,0.013,1551,99,1.8
2525.0,0.013,1551,99,1.8
2525.5,0.011,1551,100,1.8
2526.0,0.01,1552,100,1.2000000000000002
2526.5,0.011,1552,100,1.2000000000000002
2527.0,0.011,1552,100,1.2000000000000002
2527.5,0.013,1553,100,1.8
2528.0,0.011,1553,100,1.8
2528.5,0.016,1553,99,1.2000000000000002
2529.0,0.013,1554,100,0.6000000000000001
2529.5,0.011,1554,100,0.6000000000000001
2530.0,0.01,1554,100,0.6000000000000001
2530.5,0.015,1554,100,0.0
2531.0,0.013,1555,100,0.0
2531.5,0.013,1555,99,0.0
2532.0,0.011,1555,99,0.0
2532.5,0.011,1556,98,0.0
2533.0,0.011,1556,98,0.0
2533.5,0.013,1556,98,0.0
2534.0,0.011,1557,98,0.0
2534.5,0.013,1557,98,0.0
2535.0,0.013,1557,98,0.0
2535.5,0.011,1557,98,0.0
2536.0,0.011,1558,98,0.0
2536.5,0.015,1558,99,0.0
2537.0,0.011,1558,98,0.0
2537.5,0.013,1559,98,0.0
2538.0,0.011,1559,98,0.0
2538.5,0.013,1559,99,0.0
2539.0,0.011,1560,99,0.0
2539.5,0.013,1560,100,0.0
2540.0,0.013,1560,100,0.0
2540.5,0.013,1560,100,0.0
2541.0,0.011,1561,101,0.0
2541.5,0.013,1561,101,0.0
2542.0,0.013,1561,101,0.0
2542.5,0.011,1562,101,0.0
2543.0,0.013,1562,101,0.0
2543.5,0.011,1562,100,0.0
2544.0,0.013,1563,100,0.0
2544.5,0.011,1563,100,0.0
2545.0,0.013,1563,99,1.8
2545.5,0.013,1563,100,2.4000000000000004
2546.0,0.011,1564,101,2.4000000000000004
2546.5,0.011,1564,100,1.8
2547.0,0.011,1564,100,1.8
2547.5,0.013,1565,100,1.2000000000000002
2548.0,0.011,1565,99,1.2000000000000002
2548.5,0.011,1565,99,1.2000000000000002
2549.0,0.011,1566,99,1.8
2549.5,0.013,1566,99,1.8
2550.0,0.015,1566,99,2.4000000000000004
2550.5,0.016,1566,100,2.4000000000000004
2551.0,0.013,1567,100,2.4000000000000004
2551.5,0.013,1567,100,2.4000000000000004
2552.0,0.011,1567,100,2.4000000000000004
2552.5,0.013,1568,100,2.4000000000000004
2553.0,0.013,1568,100,1.8
2553.5,0.013,1568,100,1.8
2554.0,0.011,1569,100,1.8
2554.5,0.015,1569,100,1.8
2555.0,0.011,1569,100,2.4000000000000004
2555.5,0.013,1569,100,2.4000000000000004
2556.0,0.011,1570,100,1.8
2556.5,0.013,1570,100,2.4000000000000004
2557.0,0.013,1570,100,1.8
2557.5,0.015,1571,101,1.8
2558.0,0.013,1571,101,1.2000000000000002
2558.5,0.013,1571,100,1.2000000000000002
2559.0,0.013,1572,101,1.2000000000000002
2559.5,0.013,1572,101,1.2000000000000002
2560.0,0.013,1572,101,1.2000000000000002
2560.5,0.011,1572,101,1.8
2561.0,0.013,1573,101,1.2000000000000002
2561.5,0.013,1573,101,0.6000000000000001
2562.0,0.013,1573,101,0.6000000000000001
2562.5,0.013,1574,102,0.0
2563.0,0.015,1574,101,0.0
2563.5,0.011,1574,101,0.0
2564.0,0.013,1575,101,0.0
2564.5,0.013,1575,100,0.0
2565.0,0.013,1575,99,0.0
2565.5,0.011,1576,99,0.0
2566.0,0.015,1576,99,0.0
2566.5,0.013,1576,99,0.0
2567.0,0.011,1576,99,0.0
2567.5,0.016,1577,99,0.0
2568.0,0.013,1577,99,0.0
2568.5,0.013,1577,99,0.0
2569.0,0.015,1578,99,0.0
2569.5,0.011,1578,99,0.0
2570.0,0.013,1578,99,0.0
2570.5,0.015,1578,99,0.0
2571.0,0.015,1579,100,0.0
2571.5,0.011,1579,100,0.0
2572.0,0.013,1579,100,0.0
2572.5,0.013,1580,101,0.0
2573.0,0.015,1580,101,0.0
2573.5,0.013,1580,101,0.0
2574.0,0.013,1581,102,0.0
2574.5,0.011,1581,102,0.0
2575.0,0.015,1581,101,0.0
2575.5,0.013,1582,101,0.0
2576.0,0.015,1582,101,0.0
2576.5,0.013,1582,101,0.0
2577.0,0.015,1582,100,0.0
2577.5,0.013,1583,100,1.8
2578.0,0.015,1583,100,1.8
2578.5,0.013,1583,101,1.8
2579.0,0.013,1584,101,1.8
2579.5,0.011,1584,101,1.8
2580.0,0.013,1584,100,1.2000000000000002
2580.5,0.015,1585,100,1.2000000000000002
2581.0,0.015,1585,99,1.2000000000000002
2581.5,0.013,1585,99,1.2000000000000002
2582.0,0.013,1586,99,1.8
2582.5,0.013,1586,99,1.8
2583.0,0.013,1586,100,1.8
2583.5,0.013,1586,100,2.4000000000000004
2584.0,0.016,1587,100,2.4000000000000004
2584.5,0.013,1587,100,2.4000000000000004
2585.0,0.013,1587,100,2.4000000000000004
2585.5,0.011,1588,100,1.8
2586.0,0.011,1588,100,1.8
2586.5,0.011,1588,99,1.8
2587.0,0.013,1588,99,1.8
2587.5,0.011,1589,99,2.4000000000000004
2588.0,0.013,1589,99,1.8
2588.5,0.011,1589,99,1.8
2589.0,0.013,1590,100,1.8
2589.5,0.013,1590,99,1.8
2590.0,0.015,1590,100,1.8
2590.5,0.013,1591,100,1.8
2591.0,0.013,1591,100,1.2000000000000002
2591.5,0.013,1591,100,1.2000000000000002
2592.0,0.011,1591,101,1.2000000000000002
2592.5,0.011,1592,100,1.8
2593.0,0.016,1592,100,1.8
2593.5,0.013,1592,100,1.2000000000000002
2594.0,0.013,1593,100,0.6000000000000001
2594.5,0.011,1593,100,0.6000000000000001
2595.0,0.013,1593,101,0.0
2595.5,0.013,1594,100,0.0
2596.0,0.016,1594,100,0.0
2596.5,0.011,1594,99,0.0
2597.0,0.015,1595,99,0.0
2597.5,0.011,1595,99,0.0
2598.0,0.013,1595,98,0.0
2598.5,0.013,1595,98,0.0
2599.0,0.016,1596,98,0.0
2599.5,0.013,1596,98,0.0
2600.0,0.013,1596,98,0.0
2600.5,0.013,1597,98,0.0
2601.0,0.013,1597,98,0.0
2601.5,0.013,1597,99,0.0
2602.0,0.018,1597,98,0.0
2602.5,0.013,1598,98,0.0
2603.0,0.011,1598,98,0.0
2603.5,0.013,1598,98,0.0
2604.0,0.013,1599,99,0.0
2604.5,0.013,1599,100,0.0
2605.0,0.015,1599,99,0.0
2605.5,0.013,1600,100,0.0
2606.0,0.013,1600,101,0.0
2606.5,0.013,1600,101,0.0
2607.0,0.013,1601,101,0.0
2607.5,0.013,1601,100,0.0
2608.0,0.015,1601,100,0.0
2608.5,0.015,1601,100,0.0
2609.0,0.011,1602,100,0.0
2609.5,0.015,1602,100,0.0
2610.0,0.013,1602,99,1.2000000000000002
2610.5,0.013,1603,100,1.8
2611.0,0.015,1603,100,1.8
2611.5,0.013,1603,100,1.8
2612.0,0.013,1603,100,1.8
2612.5,0.013,1604,100,1.2000000000000002
2613.0,0.013,1604,99,1.2000000000000002
2613.5,0.011,1604,99,1.2000000000000002
2614.0,0.013,1605,99,1.2000000000000002
2614.5,0.013,1605,99,1.8
2615.0,0.013,1605,99,1.8
2615.5,0.013,1606,100,2.4000000000000004
2616.0,0.015,1606,100,2.4000000000000004
2616.5,0.015,1606,100,2.4000000000000004
2617.0,0.013,1606,100,2.4000000000000004
2617.5,0.013,1607,101,2.4000000000000004
2618.0,0.011,1607,100,1.8
2618.5,0.015,1607,100,1.2000000000000002
2619.0,0.013,1608,100,1.8
2619.5,0.013,1608,100,1.8
2620.0,0.013,1608,100,1.8
2620.5,0.013,1609,100,1.8
2621.0,0.013,1609,100,1.8
2621.5,0.015,1609,100,1.8
2622.0,0.013,1610,100,1.8
2622.5,0.013,1610,100,1.2000000000000002
2623.0,0.013,1610,101,1.2000000000000002
2623.5,0.015,1610,100,1.2000000000000002
2624.0,0.013,1611,100,1.2000000000000002
2624.5,0.016,1611,100,1.2000000000000002
2625.0,0.013,1611,101,1.2000000000000002
2625.5,0.013,1612,100,1.8
2626.0,0.011,1612,100,1.2000000000000002
2626.5,0.011,1612,100,0.6000000000000001
2627.0,0.011,1613,101,0.6000000000000001
2627.5,0.016,1613,101,0.0
2628.0,0.015,1613,101,0.0
2628.5,0.013,1613,101,0.0
2629.0,0.013,1614,100,0.0
2629.5,0.013,1614,100,0.0
2630.0,0.013,1614,99,0.0
2630.5,0.015,1615,99,0.0
2631.0,0.013,1615,98,0.0
2631.5,0.015,1615,98,0.0
2632.0,0.013,1615,98,0.0
2632.5,0.015,1616,99,0.0
2633.0,0.015,1616,98,0.0
2633.5,0.016,1618,99,0.0
2634.0,0.016,1619,100,0.0
2634.5,0.015,1619,99,0.0
2635.0,0.013,1619,100,0.0
2635.5,0.015,1619,101,0.0
2636.0,0.013,1620,101,0.0
2636.5,0.016,1620,101,0.0
2637.0,0.013,1620,101,0.0
2637.5,0.015,1621,100,0.0
2638.0,0.016,1621,100,0.0
2638.5,0.015,1621,100,0.0
2639.0,0.015,1622,100,0.0
2639.5,0.015,1622,99,1.2000000000000002
2640.0,0.015,1622,100,1.8
2640.5,0.016,1622,100,1.8
2641.0,0.013,1623,100,1.8
2641.5,0.015,1623,100,1.8
2642.0,0.013,1623,100,1.2000000000000002
2642.5,0.016,1624,99,1.2000000000000002
2643.0,0.015,1624,99,1.2000000000000002
2643.5,0.018,1624,99,1.2000000000000002
2644.0,0.016,1625,99,1.2000000000000002
2644.5,0.015,1625,99,1.8
2645.0,0.013,1625,99,1.8
2645.5,0.016,1625,100,1.8
2646.0,0.015,1626,99,2.4000000000000004
2646.5,0.019,1626,100,2.4000000000000004
2647.0,0.015,1626,100,1.8
2647.5,0.015,1627,100,1.8
2648.0,0.015,1627,99,1.8
2648.5,0.018,1627,99,1.2000000000000002
2649.0,0.015,1628,99,1.8
2649.5,0.016,1628,99,1.8
2650.0,0.015,1628,99,1.8
2650.5,0.013,1628,99,1.8
2651.0,0.013,1629,99,1.8
2651.5,0.016,1629,99,1.8
2652.0,0.015,1629,100,1.8
2652.5,0.015,1630,100,1.2000000000000002
2653.0,0.016,1630,100,1.2000000000000002
2653.5,0.013,1630,100,1.2000000000000002
2654.0,0.013,1630,100,1.2000000000000002
2654.5,0.015,1631,100,1.2000000000000002
2655.0,0.018,1631,100,1.8
2655.5,0.015,1631,100,1.2000000000000002
2656.0,0.016,1632,99,0.6000000000000001
2656.5,0.015,1632,100,0.6000000000000001
2657.0,0.013,1632,100,0.0
2657.5,0.016,1633,100,0.0
2658.0,0.015,1633,100,0.0
2658.5,0.016,1634,99,0.0
2659.0,0.016,1634,99,0.0
2659.5,0.015,1634,98,0.0
2660.0,0.013,1634,98,0.0
2660.5,0.018,1635,98,0.0
2661.0,0.013,1635,98,0.0
2661.5,0.015,1635,98,0.0
2662.0,0.013,1636,98,0.0
2662.5,0.015,1636,98,0.0
2663.0,0.013,1636,99,0.0
2663.5,0.018,1636,99,0.0
2664.0,0.015,1637,98,0.0
2664.5,0.018,1637,98,0.0
2665.0,0.015,1637,98,0.0
2665.5,0.016,1638,99,0.0
2666.0,0.015,1638,99,0.0
2666.5,0.018,1638,99,0.0
2667.0,0.016,1639,100,0.0
2667.5,0.018,1639,100,0.0
2668.0,0.013,1639,101,0.0
2668.5,0.016,1639,101,0.0
2669.0,0.015,1640,101,0.0
2669.5,0.016,1640,101,0.0
2670.0,0.015,1640,100,0.0
2670.5,0.016,1641,100,0.0
2671.0,0.015,1641,100,0.0
2671.5,0.016,1641,100,0.6000000000000001
2672.0,0.016,1642,100,1.8
2672.5,0.018,1642,100,1.8
2673.0,0.015,1642,101,1.8
2673.5,0.016,1643,100,1.8
2674.0,0.015,1643,100,1.2000000000000002
2674.5,0.016,1643,100,1.2000000000000002
2675.0,0.015,1643,99,1.2000000000000002
2675.5,0.015,1644,99,1.2000000000000002
2676.0,0.015,1644,99,1.8
2676.5,0.018,1644,99,1.8
2677.0,0.016,1645,99,1.8
2677.5,0.015,1645,100,1.8
2678.0,0.015,1645,100,2.4000000000000004
2678.5,0.013,1645,100,2.4000000000000004
2679.0,0.015,1646,100,2.4000000000000004
2679.5,0.018,1646,100,1.8
2680.0,0.015,1646,100,1.8
2680.5,0.015,1647,100,1.8
2681.0,0.015,1647,99,1.8
2681.5,0.013,1647,100,1.8
2682.0,0.013,1648,100,2.4000000000000004
2682.5,0.016,1648,99,1.8
2683.0,0.016,1648,100,1.8
2683.5,0.015,1649,100,1.8
2684.0,0.015,1649,100,1.8
2684.5,0.013,1649,100,1.2000000000000002
2685.0,0.016,1649,100,1.2000000000000002
2685.5,0.016,1650,100,1.2000000000000002
2686.0,0.015,1650,100,1.2000000000000002
2686.5,0.015,1650,100,1.2000000000000002
2687.0,0.015,1651,99,1.8
2687.5,0.015,1651,99,1.8
2688.0,0.015,1651,100,1.2000000000000002
2688.5,0.016,1652,100,0.6000000000000001
2689.0,0.015,1652,100,0.6000000000000001
2689.5,0.015,1652,100,0.0
2690.0,0.016,1652,100,0.0
2690.5,0.013,1653,100,0.0
2691.0,0.015,1653,99,0.0
2691.5,0.019,1653,99,0.0
2692.0,0.015,1654,98,0.0
2692.5,0.011,1654,98,0.0
2693.0,0.013,1654,98,0.0
2693.5,0.015,1654,98,0.0
2694.0,0.015,1655,98,0.0
2694.5,0.013,1655,98,0.0
2695.0,0.016,1655,98,0.0
2695.5,0.013,1656,98,0.0
2696.0,0.015,1656,99,0.0
2696.5,0.015,1656,98,0.0
2697.0,0.015,1657,99,0.0
2697.5,0.015,1657,98,0.0
2698.0,0.018,1657,99,0.0
2698.5,0.013,1658,99,0.0
2699.0,0.015,1658,99,0.0
2699.5,0.016,1658,100,0.0
2700.0,0.015,1658,101,0.0
2700.5,0.015,1659,101,0.0
2701.0,0.015,1659,101,0.0
2701.5,0.015,1659,101,0.0
2702.0,0.015,1660,100,0.0
2702.5,0.015,1660,100,0.0
2703.0,0.015,1660,100,0.0
2703.5,0.015,1661,100,0.0
2704.0,0.015,1661,100,0.0
2704.5,0.015,1661,100,1.8
2705.0,0.015,1661,100,1.8
2705.5,0.015,1662,101,1.8
2706.0,0.015,1662,100,1.8
2706.5,0.013,1662,100,1.8
2707.0,0.016,1663,100,1.2000000000000002
2707.5,0.015,1663,99,1.2000000000000002
2708.0,0.015,1663,99,1.2000000000000002
2708.5,0.016,1664,99,1.8
2709.0,0.016,1664,99,1.8
2709.5,0.015,1664,99,1.8
2710.0,0.013,1664,100,1.8
2710.5,0.015,1665,100,2.4000000000000004
2711.0,0.018,1665,100,2.4000000000000004
2711.5,0.016,1665,100,2.4000000000000004
2712.0,0.015,1666,100,1.8
2712.5,0.013,1666,100,1.8
2713.0,0.015,1666,100,1.8
2713.5,0.015,1667,100,1.8
2714.0,0.016,1667,100,1.8
2714.5,0.013,1667,100,2.4000000000000004
2715.0,0.015,1667,100,1.8
2715.5,0.015,1668,99,1.8
2716.0,0.015,1668,100,1.8
2716.5,0.013,1668,100,1.8
2717.0,0.018,1669,100,1.8
2717.5,0.013,1669,100,1.2000000000000002
2718.0,0.015,1669,100,1.2000000000000002
2718.5,0.015,1670,100,1.2000000000000002
2719.0,0.015,1670,100,1.2000000000000002
2719.5,0.013,1670,100,1.2000000000000002
2720.0,0.018,1670,100,1.8
2720.5,0.013,1671,100,1.2000000000000002
2721.0,0.013,1671,100,0.6000000000000001
2721.5,0.015,1671,100,0.6000000000000001
2722.0,0.015,1672,100,0.0
2722.5,0.013,1672,100,0.0
2723.0,0.016,1672,100,0.0
2723.5,0.015,1673,100,0.0
2724.0,0.013,1673,99,0.0
2724.5,0.015,1673,99,0.0
2725.0,0.015,1673,98,0.0
2725.5,0.013,1674,98,0.6000000000000001
2726.0,0.015,1674,98,0.0
2726.5,0.016,1674,98,0.0
2727.0,0.013,1675,98,0.0
2727.5,0.015,1675,98,0.0
2728.0,0.015,1675,99,0.0
2728.5,0.015,1675,99,0.0
2729.0,0.015,1676,98,0.0
2729.5,0.015,1676,99,0.0
2730.0,0.013,1676,99,0.0
2730.5,0.015,1677,98,0.0
2731.0,0.015,1677,99,0.0
2731.5,0.013,1677,100,0.0
2732.0,0.015,1678,100,0.0
2732.5,0.015,1678,100,0.0
2733.0,0.016,1678,101,0.0
2733.5,0.015,1678,101,0.0
2734.0,0.015,1679,101,0.0
2734.5,0.016,1679,101,0.0
2735.0,0.015,1679,101,0.0
2735.5,0.015,1680,100,0.0
2736.0,0.013,1680,101,0.0
2736.5,0.015,1680,100,0.0
2737.0,0.015,1681,100,1.2000000000000002
2737.5,0.015,1681,100,1.8
2738.0,0.013,1681,101,1.8
2738.5,0.016,1682,101,1.8
2739.0,0.013,1682,100,1.8
2739.5,0.016,1682,100,1.2000000000000002
2740.0,0.013,1682,99,1.2000000000000002
2740.5,0.016,1683,99,1.2000000000000002
2741.0,0.013,1683,99,1.2000000000000002
2741.5,0.015,1683,99,1.8
2742.0,0.015,1684,99,1.8
2742.5,0.015,1684,100,1.8
2743.0,0.015,1684,100,2.4000000000000004
2743.5,0.015,1685,100,2.4000000000000004
2744.0,0.013,1685,100,2.4000000000000004
2744.5,0.015,1685,100,1.8
2745.0,0.013,1685,100,1.8
2745.5,0.016,1686,100,1.8
2746.0,0.013,1686,100,1.8
2746.5,0.015,1686,100,1.8
2747.0,0.013,1687,100,2.4000000000000004
2747.5,0.013,1687,100,1.8
2748.0,0.015,1687,100,1.8
2748.5,0.018,1688,100,1.8
2749.0,0.013,1688,100,1.8
2749.5,0.015,1688,100,1.8
2750.0,0.015,1688,100,1.2000000000000002
2750.5,0.015,1689,100,1.2000000000000002
2751.0,0.013,1689,100,1.2000000000000002
2751.5,0.016,1689,100,1.2000000000000002
2752.0,0.015,1690,100,1.2000000000000002
2752.5,0.013,1690,100,1.8
2753.0,0.013,1690,100,1.2000000000000002
2753.5,0.015,1691,100,0.6000000000000001
2754.0,0.013,1691,100,0.0
2754.5,0.018,1691,101,0.0
2755.0,0.013,1692,100,0.0
2755.5,0.015,1692,100,0.0
2756.0,0.015,1692,100,0.0
2756.5,0.015,1692,99,0.0
2757.0,0.013,1693,99,0.0
2757.5,0.016,1693,98,0.0
2758.0,0.013,1693,98,0.0
2758.5,0.013,1694,98,0.0
2759.0,0.015,1694,98,0.0
2759.5,0.015,1694,98,0.0
2760.0,0.015,1694,98,0.0
2760.5,0.016,1695,98,0.0
2761.0,0.015,1695,98,0.0
2761.5,0.013,1695,98,0.0
2762.0,0.015,1696,98,0.0
2762.5,0.018,1696,98,0.0
2763.0,0.013,1696,99,0.0
2763.5,0.016,1697,99,0.0
2764.0,0.015,1697,99,0.0
2764.5,0.013,1697,99,0.0
2765.0,0.015,1697,100,0.0
2765.5,0.015,1698,100,0.0
2766.0,0.015,1698,101,0.0
2766.5,0.015,1698,101,0.0
2767.0,0.016,1699,101,0.0
2767.5,0.011,1699,100,0.0
2768.0,0.015,1699,100,0.0
2768.5,0.015,1700,100,0.0
2769.0,0.015,1700,100,0.0
2769.5,0.015,1700,99,1.2000000000000002
2770.0,0.015,1700,99,1.8
2770.5,0.013,1701,100,1.8
2771.0,0.016,1701,100,1.8
2771.5,0.013,1701,100,1.8
2772.0,0.016,1702,100,1.2000000000000002
2772.5,0.015,1702,99,1.2000000000000002
2773.0,0.016,1702,99,1.2000000000000002
2773.5,0.013,1703,99,1.2000000000000002
2774.0,0.015,1703,99,1.8
2774.5,0.013,1703,99,2.4000000000000004
2775.0,0.015,1703,100,1.8
2775.5,0.013,1704,100,2.4000000000000004
2776.0,0.018,1704,100,2.4000000000000004
2776.5,0.011,1704,100,2.4000000000000004
2777.0,0.015,1705,100,1.8
2777.5,0.013,1705,100,1.8
2778.0,0.015,1705,100,1.2000000000000002
2778.5,0.013,1706,100,1.2000000000000002
2779.0,0.016,1706,100,1.8
2779.5,0.013,1706,100,1.8
2780.0,0.015,1706,99,1.8
2780.5,0.015,1707,100,1.8
2781.0,0.013,1707,100,1.8
2781.5,0.015,1707,100,1.8
2782.0,0.016,1708,100,1.8
2782.5,0.015,1708,100,1.2000000000000002
2783.0,0.015,1708,100,1.2000000000000002
2783.5,0.013,1709,100,1.2000000000000002
2784.0,0.015,1709,100,1.2000000000000002
2784.5,0.013,1709,100,1.2000000000000002
2785.0,0.015,1709,100,1.8
2785.5,0.013,1710,100,1.2000000000000002
2786.0,0.016,1710,100,0.6000000000000001
2786.5,0.013,1710,100,0.6000000000000001
2787.0,0.013,1711,100,0.0
2787.5,0.013,1711,101,0.0
2788.0,0.016,1711,100,0.0
2788.5,0.011,1712,100,0.0
2789.0,0.015,1712,99,0.0
2789.5,0.013,1712,99,0.0
2790.0,0.011,1712,98,0.0
2790.5,0.011,1713,98,0.0
2791.0,0.016,1713,98,0.0
2791.5,0.013,1713,98,0.0
2792.0,0.013,1714,98,0.0
2792.5,0.013,1714,98,0.0
2793.0,0.013,1714,98,0.0
2793.5,0.015,1715,98,0.0
2794.0,0.016,1715,98,0.0
2794.5,0.013,1715,98,0.0
2795.0,0.013,1715,98,0.0
2795.5,0.013,1716,98,0.0
2796.0,0.011,1716,99,0.0
2796.5,0.013,1716,99,0.0
2797.0,0.015,1717,99,0.0
2797.5,0.013,1717,100,0.0
2798.0,0.011,1717,101,0.0
2798.5,0.011,1718,101,0.0
2799.0,0.011,1718,101,0.0
2799.5,0.013,1718,101,0.0
2800.0,0.013,1718,101,0.0
2800.5,0.011,1719,100,0.0
2801.0,0.013,1719,100,0.0
2801.5,0.015,1719,100,0.0
2802.0,0.013,1720,100,0.6000000000000001
2802.5,0.011,1720,99,1.8
2803.0,0.015,1720,100,1.8
2803.5,0.013,1721,101,1.8
2804.0,0.011,1721,100,1.8
2804.5,0.015,1721,100,1.2000000000000002
2805.0,0.013,1722,99,1.2000000000000002
2805.5,0.013,1722,99,1.2000000000000002
2806.0,0.013,1722,99,1.2000000000000002
2806.5,0.016,1722,99,1.8
2807.0,0.011,1723,99,1.8
2807.5,0.015,1723,99,1.8
2808.0,0.013,1723,100,2.4000000000000004
2808.5,0.015,1724,100,2.4000000000000004
2809.0,0.013,1724,100,2.4000000000000004
2809.5,0.013,1724,100,2.4000000000000004
2810.0,0.013,1725,100,1.8
2810.5,0.013,1725,100,1.8
2811.0,0.013,1725,100,1.8
2811.5,0.015,1725,100,1.8
2812.0,0.013,1726,100,1.8
2812.5,0.015,1726,100,2.4000000000000004
2813.0,0.015,1726,99,1.8
2813.5,0.013,1727,99,1.8
2814.0,0.011,1727,100,1.8
2814.5,0.015,1727,100,1.8
2815.0,0.013,1727,99,1.8
2815.5,0.013,1728,100,1.2000000000000002
2816.0,0.013,1728,101,1.2000000000000002
2816.5,0.013,1728,100,1.2000000000000002
2817.0,0.013,1729,100,1.2000000000000002
2817.5,0.015,1729,100,1.8
2818.0,0.013,1729,100,1.8
2818.5,0.013,1730,100,1.2000000000000002
2819.0,0.015,1730,100,0.6000000000000001
2819.5,0.015,1730,100,0.0
2820.0,0.015,1731,101,0.0
2820.5,0.013,1731,100,0.6000000000000001
2821.0,0.015,1731,100,0.0
2821.5,0.015,1731,99,0.0
2822.0,0.015,1732,99,0.0
2822.5,0.015,1732,99,0.0
2823.0,0.011,1732,98,0.0
2823.5,0.015,1733,98,0.0
2824.0,0.013,1733,98,0.0
2824.5,0.015,1733,98,0.0
2825.0,0.013,1733,98,0.0
2825.5,0.015,1734,98,0.0
2826.0,0.011,1734,98,0.0
2826.5,0.013,1734,98,0.0
2827.0,0.011,1735,98,0.0
2827.5,0.013,1735,98,0.0
2828.0,0.013,1735,99,0.0
2828.5,0.016,1736,98,0.0
2829.0,0.013,1736,99,0.0
2829.5,0.013,1736,99,0.0
2830.0,0.013,1736,99,0.0
2830.5,0.015,1737,101,0.0
2831.0,0.011,1737,101,0.0
2831.5,0.016,1737,101,0.0
2832.0,0.013,1738,101,0.0
2832.5,0.015,1738,100,0.0
2833.0,0.013,1738,100,0.0
2833.5,0.013,1739,100,0.0
2834.0,0.011,1739,100,0.0
2834.5,0.015,1739,99,0.0
2835.0,0.013,1739,99,1.8
2835.5,0.013,1740,99,1.8
2836.0,0.013,1740,100,2.4000000000000004
2836.5,0.013,1740,100,1.8
2837.0,0.013,1741,100,1.8
2837.5,0.015,1741,99,1.8
2838.0,0.013,1741,99,1.2000000000000002
2838.5,0.011,1742,99,1.8
2839.0,0.015,1742,98,1.8
2839.5,0.013,1742,98,1.8
2840.0,0.013,1742,99,2.4000000000000004
2840.5,0.015,1743,99,1.8
2841.0,0.013,1743,99,2.4000000000000004
2841.5,0.011,1743,99,2.4000000000000004
2842.0,0.015,1744,100,2.4000000000000004
2842.5,0.013,1744,100,2.4000000000000004
2843.0,0.015,1744,100,1.8
2843.5,0.013,1745,99,1.8
2844.0,0.013,1745,99,1.8
2844.5,0.011,1745,99,1.8
2845.0,0.015,1745,99,2.4000000000000004
2845.5,0.011,1746,99,2.4000000000000004
2846.0,0.015,1746,99,1.8
2846.5,0.011,1746,99,1.8
2847.0,0.015,1747,99,1.8
2847.5,0.013,1747,100,1.8
2848.0,0.016,1747,100,1.2000000000000002
2848.5,0.013,1748,100,1.2000000000000002
2849.0,0.013,1748,100,1.2000000000000002
2849.5,0.013,1748,100,1.2000000000000002
2850.0,0.013,1748,100,1.2000000000000002
2850.5,0.015,1749,100,1.8
2851.0,0.015,1749,99,1.2000000000000002
2851.5,0.013,1749,99,0.6000000000000001
2852.0,0.015,1750,100,0.6000000000000001
2852.5,0.011,1750,100,0.0
2853.0,0.013,1750,100,0.0
2853.5,0.015,1751,100,0.0
2854.0,0.015,1751,99,0.0
2854.5,0.011,1751,99,0.0
2855.0,0.013,1751,98,0.0
2855.5,0.013,1752,98,0.0
2856.0,0.015,1752,97,0.0
2856.5,0.013,1752,98,0.0
2857.0,0.016,1753,97,0.0
2857.5,0.013,1753,98,0.0
2858.0,0.011,1753,98,0.0
2858.5,0.011,1754,98,0.0
2859.0,0.016,1754,98,0.0
2859.5,0.011,1754,98,0.0
2860.0,0.015,1754,98,0.0
2860.5,0.013,1755,98,0.0
2861.0,0.011,1755,98,0.0
2861.5,0.013,1755,98,0.0
2862.0,0.015,1756,99,0.0
2862.5,0.013,1756,99,0.0
2863.0,0.013,1756,99,0.0
2863.5,0.013,1756,100,0.0
2864.0,0.011,1757,101,0.0
2864.5,0.013,1757,101,0.0
2865.0,0.013,1757,101,0.0
2865.5,0.013,1758,100,0.0
2866.0,0.013,1758,100,0.0
2866.5,0.013,1758,100,0.0
2867.0,0.011,1759,100,0.0
2867.5,0.015,1759,99,0.6000000000000001
2868.0,0.013,1759,99,1.8
2868.5,0.013,1760,100,2.4000000000000004
2869.0,0.013,1760,100,2.4000000000000004
2869.5,0.013,1760,100,1.8
2870.0,0.011,1760,100,1.8
2870.5,0.013,1761,99,1.2000000000000002
2871.0,0.011,1761,99,1.2000000000000002
2871.5,0.013,1761,99,1.2000000000000002
2872.0,0.013,1762,99,1.8
2872.5,0.013,1762,99,1.8
2873.0,0.013,1762,99,1.8
2873.5,0.016,1762,99,2.4000000000000004
2874.0,0.013,1763,99,2.4000000000000004
2874.5,0.013,1763,100,2.4000000000000004
2875.0,0.013,1763,100,2.4000000000000004
2875.5,0.013,1764,100,2.4000000000000004
2876.0,0.011,1764,100,1.8
2876.5,0.015,1764,99,1.8
2877.0,0.013,1765,99,1.8
2877.5,0.013,1765,100,2.4000000000000004
2878.0,0.013,1765,100,2.4000000000000004
2878.5,0.015,1766,99,1.8
2879.0,0.011,1766,99,2.4000000000000004
2879.5,0.015,1766,99,2.4000000000000004
2880.0,0.015,1766,100,1.8
2880.5,0.013,1767,100,1.8
2881.0,0.013,1767,100,1.2000000000000002
2881.5,0.015,1767,100,1.2000000000000002
2882.0,0.013,1768,100,1.2000000000000002
2882.5,0.015,1768,100,1.2000000000000002
2883.0,0.013,1768,100,1.8
2883.5,0.015,1769,100,1.8
2884.0,0.013,1769,100,1.2000000000000002
2884.5,0.015,1769,100,0.6000000000000001
2885.0,0.015,1769,100,0.6000000000000001
2885.5,0.016,1770,101,0.0
2886.0,0.013,1770,100,0.0
2886.5,0.015,1770,100,0.0
2887.0,0.013,1771,99,0.0
2887.5,0.015,1771,99,0.0
2888.0,0.013,1771,98,0.0
2888.5,0.018,1772,98,0.0
2889.0,0.013,1772,98,0.0
2889.5,0.015,1772,98,0.0
2890.0,0.011,1772,98,0.0
2890.5,0.015,1773,98,0.0
2891.0,0.013,1773,98,0.0
2891.5,0.015,1773,98,0.0
2892.0,0.015,1774,98,0.0
2892.5,0.013,1774,98,0.0
2893.0,0.013,1774,98,0.0
2893.5,0.016,1775,98,0.0
2894.0,0.015,1775,98,0.0
2894.5,0.015,1775,99,0.0
2895.0,0.015,1775,99,0.0
2895.5,0.013,1776,100,0.0
2896.0,0.013,1776,100,0.0
2896.5,0.016,1776,100,0.0
2897.0,0.015,1777,101,0.0
2897.5,0.016,1777,101,0.0
2898.0,0.016,1777,100,0.0
2898.5,0.013,1777,100,0.0
2899.0,0.013,1778,100,0.0
2899.5,0.016,1778,100,0.0
2900.0,0.013,1778,99,0.0
2900.5,0.015,1779,99,1.2000000000000002
2901.0,0.016,1779,99,1.8
2901.5,0.013,1779,100,2.4000000000000004
2902.0,0.015,1780,100,2.4000000000000004
2902.5,0.015,1780,100,1.8
2903.0,0.015,1780,100,1.8
2903.5,0.013,1781,99,1.8
2904.0,0.015,1781,99,1.8
2904.5,0.013,1781,99,1.8
2905.0,0.015,1781,99,1.8
2905.5,0.013,1782,99,2.4000000000000004
2906.0,0.015,1782,99,1.8
2906.5,0.015,1782,99,2.4000000000000004
2907.0,0.018,1783,100,2.4000000000000004
2907.5,0.015,1783,100,2.4000000000000004
2908.0,0.015,1783,100,2.4000000000000004
2908.5,0.015,1784,100,1.8
2909.0,0.015,1784,100,1.8
2909.5,0.013,1784,100,1.8
2910.0,0.016,1784,100,1.8
2910.5,0.013,1785,100,2.4000000000000004
2911.0,0.015,1785,100,1.8
2911.5,0.013,1785,99,1.8
2912.0,0.015,1786,100,1.8
2912.5,0.015,1786,100,1.8
2913.0,0.018,1786,100,1.8
2913.5,0.015,1786,100,1.8
2914.0,0.016,1787,100,1.2000000000000002
2914.5,0.015,1787,100,1.2000000000000002
2915.0,0.015,1787,100,1.2000000000000002
2915.5,0.013,1788,101,1.8
2916.0,0.018,1788,100,1.8
2916.5,0.015,1788,100,1.2000000000000002
2917.0,0.015,1789,100,0.6000000000000001
2917.5,0.015,1789,100,0.6000000000000001
2918.0,0.015,1789,101,0.0
2918.5,0.013,1790,101,0.0
2919.0,0.019,1790,100,0.0
2919.5,0.015,1790,100,0.0
2920.0,0.015,1790,99,0.0
2920.5,0.013,1791,99,0.0
2921.0,0.016,1791,99,0.0
2921.5,0.013,1791,98,0.0
2922.0,0.019,1792,98,0.0
2922.5,0.013,1792,98,0.0
2923.0,0.016,1792,98,0.0
2923.5,0.013,1792,98,0.0
2924.0,0.016,1793,99,0.0
2924.5,0.015,1793,99,0.0
2925.0,0.019,1793,98,0.0
2925.5,0.015,1794,99,0.0
2926.0,0.015,1794,98,0.0
2926.5,0.015,1794,98,0.0
2927.0,0.015,1795,99,0.0
2927.5,0.015,1795,99,0.0
2928.0,0.016,1795,99,0.0
2928.5,0.015,1795,100,0.0
2929.0,0.016,1796,101,0.0
2929.5,0.015,1796,101,0.0
2930.0,0.016,1796,101,0.0
2930.5,0.013,1797,100,0.0
2931.0,0.015,1797,100,0.0
2931.5,0.015,1797,100,0.0
2932.0,0.013,1798,100,0.0
2932.5,0.016,1798,100,0.0
2933.0,0.015,1798,99,1.2000000000000002
2933.5,0.016,1799,100,1.8
2934.0,0.016,1799,100,2.4000000000000004
2934.5,0.015,1799,100,2.4000000000000004
2935.0,0.015,1799,100,1.8
2935.5,0.016,1800,100,1.8
2936.0,0.015,1800,0,1.8
2936.5,0.016,1800,0,0.6000000000000001
2937.0,0.015,1800,0,0.0
2937.5,0.013,1800,0,0.0
2938.0,0.011,1800,0,0.0
2938.5,0.011,1800,0,0.0
2939.0,0.013,1800,0,0.0
2939.5,0.011,1800,0,0.0
2940.0,0.011,1800,0,0.0
2940.5,0.011,1800,0,0.0
2941.0,0.011,1800,0,0.0
2941.5,0.013,1800,0,0.0
2942.0,0.013,1800,0,0.0
2942.5,0.013,1800,0,0.0
2943.0,0.015,1800,0,0.0
2943.5,0.013,1800,0,0.0
2944.0,0.015,1800,0,0.0
2944.5,0.015,1800,0,0.0
2945.0,0.016,1800,0,0.0
2945.5,0.015,1800,0,0.0
2946.0,0.015,1800,0,0.0
2946.5,0.015,1800,0,0.0
2947.0,0.015,1800,0,0.0
2947.5,0.015,1800,0,0.0
2948.0,0.013,1800,0,0.0
2948.5,0.015,1800,0,0.0
2949.0,0.013,1800,0,0.0
2949.5,0.013,1800,0,0.0
2950.0,0.013,1800,0,0.0
2950.5,0.013,1800,0,0.0
2951.0,0.011,1800,0,0.0
2951.5,0.011,1800,0,0.0
2952.0,0.011,1800,0,0.0
2952.5,0.011,1800,0,0.0
2953.0,0.011,1800,0,0.0
2953.5,0.011,1800,0,0.0
2954.0,0.011,1800,0,0.0
2954.5,0.011,1800,0,0.0
2955.0,0.011,1800,0,0.0
2955.5,0.01,1800,0,0.0
2956.0,0.013,1800,0,0.0
2956.5,0.011,1800,0,0.0
2957.0,0.011,1800,0,0.0
2957.5,0.011,1800,0,0.0
2958.0,0.011,1800,0,0.0
2958.5,0.011,1800,0,0.0
2959.0,0.011,1800,0,0.0
2959.5,0.013,1800,0,0.0
2960.0,0.011,1800,0,0.0
2960.5,0.011,1800,0,0.0
2961.0,0.013,1800,0,0.0
2961.5,0.013,1800,0,0.0
2962.0,0.011,1800,0,0.0
2962.5,0.011,1800,0,0.0
2963.0,0.011,1800,0,0.0
2963.5,0.013,1800,0,0.0
2964.0,0.011,1800,0,0.0
2964.5,0.013,1800,0,0.0
2965.0,0.013,1800,0,0.0
2965.5,0.011,1800,0,0.0
2966.0,0.011,1800,0,0.0
2966.5,0.013,1800,0,0.0
2967.0,0.013,1800,0,0.0
2967.5,0.013,1800,0,0.0
2968.0,0.013,1800,0,0.0
2968.5,0.013,1800,0,0.0
2969.0,0.013,1800,0,0.0
2969.5,0.013,1800,0,0.0
2970.0,0.013,1800,0,0.0
2970.5,0.013,1800,0,0.0
2971.0,0.013,1800,0,0.0
2971.5,0.013,1800,0,0.0
2972.0,0.013,1800,0,0.0
2972.5,0.013,1800,0,0.0
2973.0,0.011,1800,0,0.0
2973.5,0.013,1800,0,0.0
2974.0,0.013,1800,0,0.0
2974.5,0.013,1800,0,0.0
2975.0,0.013,1800,0,0.0
2975.5,0.013,1800,0,0.0
2976.0,0.013,1800,0,0.0
2976.5,0.013,1800,0,0.0
2977.0,0.013,1800,0,0.0
2977.5,0.013,1800,0,0.0
2978.0,0.013,1800,0,0.0
2978.5,0.013,1800,0,0.0
2979.0,0.011,1800,0,0.0
2979.5,0.013,1800,0,0.0
2980.0,0.013,1800,0,0.0
2980.5,0.011,1800,0,0.0
2981.0,0.013,1800,0,0.0
2981.5,0.013,1800,0,0.0
2982.0,0.011,1800,0,0.0
2982.5,0.013,1800,0,0.0
2983.0,0.013,1800,0,0.0
2983.5,0.011,1800,0,0.0
2984.0,0.013,1800,0,0.0
2984.5,0.011,1800,0,0.0
2985.0,0.013,1800,0,0.0
2985.5,0.013,1800,0,0.0
2986.0,0.013,1800,0,0.0
2986.5,0.013,1800,0,0.0
2987.0,0.013,1800,0,0.0
2987.5,0.013,1800,0,0.0
2988.0,0.013,1800,0,0.0
2988.5,0.011,1800,0,0.0
2989.0,0.011,1800,0,0.0
2989.5,0.011,1800,0,0.0
2990.0,0.013,1800,0,0.0
2990.5,0.013,1800,0,0.0
2991.0,0.013,1800,0,0.0
2991.5,0.011,1800,0,0.0
2992.0,0.013,1800,0,0.0
2992.5,0.013,1800,0,0.0
2993.0,0.013,1800,0,0.0
2993.5,0.013,1800,0,0.0
2994.0,0.013,1800,0,0.0
2994.5,0.013,1800,0,0.0
2995.0,0.013,1800,0,0.0
2995.5,0.013,1800,0,0.0
2996.0,0.013,1800,0,0.0
2996.5,0.013,1800,0,0.0
2997.0,0.013,1800,0,0.0
2997.5,0.011,1800,0,0.0
2998.0,0.013,1800,0,0.0
2998.5,0.013,1800,0,0.0
2999.0,0.011,1800,0,0.0
2999.5,0.011,1800,0,0.0
3000.0,0.013,1800,0,0.0
3000.5,0.013,1800,0,0.0
3001.0,0.011,1800,0,0.0
3001.5,0.013,1800,0,0.0
3002.0,0.011,1800,0,0.0
3002.5,0.013,1800,0,0.0
3003.0,0.011,1800,0,0.0
3003.5,0.011,1800,0,0.0
3004.0,0.013,1800,0,0.0
3004.5,0.013,1800,0,0.0
3005.0,0.013,1800,0,0.0
3005.5,0.011,1800,0,0.0
3006.0,0.011,1800,0,0.0
3006.5,0.013,1800,0,0.0
3007.0,0.013,1800,0,0.0
3007.5,0.013,1800,0,0.0
3008.0,0.011,1800,0,0.0
3008.5,0.013,1800,0,0.0
3009.0,0.011,1800,0,0.0
3009.5,0.011,1800,0,0.0
3010.0,0.011,1800,0,0.0
3010.5,0.013,1800,0,0.0
3011.0,0.013,1800,0,0.0
3011.5,0.011,1800,0,0.0
3012.0,0.013,1800,0,0.0
3012.5,0.013,1800,0,0.0
3013.0,0.013,1800,0,0.0
3013.5,0.011,1800,0,0.0
3014.0,0.013,1800,0,0.0
3014.5,0.011,1800,0,0.0
3015.0,0.013,1800,0,0.0
3015.5,0.011,1800,0,0.0
3016.0,0.013,1800,0,0.0
3016.5,0.013,1800,0,0.0
3017.0,0.013,1800,0,0.0
3017.5,0.013,1800,0,0.0
3018.0,0.013,1800,0,0.0
3018.5,0.013,1800,0,0.0
3019.0,0.013,1800,0,0.0
3019.5,0.011,1800,0,0.0
3020.0,0.013,1800,0,0.0
3020.5,0.013,1800,0,0.0
3021.0,0.013,1800,0,0.0
3021.5,0.013,1800,0,0.0
3022.0,0.013,1800,0,0.0
3022.5,0.011,1800,0,0.0
3023.0,0.011,1800,0,0.0
3023.5,0.013,1800,0,0.0
3024.0,0.013,1800,0,0.0
3024.5,0.013,1800,0,0.0
3025.0,0.013,1800,0,0.0
3025.5,0.013,1800,0,0.0
3026.0,0.013,1800,0,0.0
3026.5,0.011,1800,0,0.0
3027.0,0.011,1800,0,0.0
3027.5,0.011,1800,0,0.0
3028.0,0.011,1800,0,0.0
3028.5,0.011,1800,0,0.0
3029.0,0.011,1800,0,0.0
3029.5,0.013,1800,0,0.0
3030.0,0.011,1800,0,0.0
3030.5,0.011,1800,0,0.0
3031.0,0.011,1800,0,0.0
3031.5,0.013,1800,0,0.0
3032.0,0.013,1800,0,0.0
3032.5,0.011,1800,0,0.0
3033.0,0.011,1800,0,0.0
3033.5,0.011,1800,0,0.0
3034.0,0.013,1800,0,0.0
